 100 1590
 1 53 
 1 36 
 1 31 
 1 75 
 1 77 
 1 70 
 1 97 
 1 13 
 1 20 
 1 68 
 1 80 
 1 46 
 1 30 
 1 57 
 1 19 
 1 98 
 1 50 
 1 91 
 1 34 
 1 89 
 1 3 
 1 10 
 1 14 
 1 18 
 1 60 
 1 83 
 1 88 
 1 73 
 2 59 
 2 74 
 2 18 
 2 50 
 2 5 
 2 17 
 2 32 
 2 34 
 2 45 
 2 62 
 2 92 
 2 27 
 3 59 
 3 1 
 3 51 
 3 13 
 3 29 
 3 93 
 3 8 
 3 37 
 3 42 
 3 48 
 3 56 
 3 61 
 3 75 
 3 41 
 4 86 
 4 56 
 4 21 
 4 27 
 4 52 
 4 63 
 4 34 
 4 67 
 4 15 
 4 44 
 4 59 
 4 72 
 4 7 
 4 6 
 4 9 
 4 11 
 4 22 
 4 32 
 4 75 
 4 91 
 4 93 
 4 97 
 5 42 
 5 31 
 5 28 
 5 24 
 5 58 
 5 2 
 5 49 
 5 56 
 5 25 
 5 32 
 5 6 
 5 8 
 5 12 
 5 30 
 5 54 
 5 67 
 5 75 
 5 88 
 5 94 
 5 18 
 6 4 
 6 38 
 6 98 
 6 23 
 6 82 
 6 80 
 6 5 
 6 36 
 6 52 
 6 30 
 6 63 
 6 91 
 6 7 
 6 8 
 6 9 
 6 17 
 6 37 
 6 40 
 6 50 
 6 54 
 6 56 
 6 94 
 7 4 
 7 93 
 7 36 
 7 34 
 7 35 
 7 6 
 7 84 
 7 23 
 7 98 
 7 78 
 7 46 
 7 73 
 7 57 
 7 26 
 7 41 
 7 72 
 7 53 
 7 54 
 7 63 
 7 64 
 7 94 
 7 97 
 8 70 
 8 99 
 8 35 
 8 45 
 8 74 
 8 6 
 8 30 
 8 53 
 8 60 
 8 40 
 8 39 
 8 37 
 8 19 
 8 3 
 8 89 
 8 5 
 8 15 
 8 16 
 8 56 
 8 63 
 8 64 
 8 67 
 8 85 
 8 95 
 9 79 
 9 89 
 9 24 
 9 99 
 9 4 
 9 91 
 9 15 
 9 27 
 9 39 
 9 55 
 9 92 
 9 33 
 9 85 
 9 63 
 9 6 
 9 82 
 9 97 
 9 53 
 9 14 
 9 68 
 9 12 
 9 23 
 9 37 
 9 50 
 9 54 
 9 77 
 10 1 
 10 51 
 10 72 
 10 89 
 10 11 
 10 23 
 10 30 
 10 45 
 10 60 
 10 65 
 10 77 
 10 97 
 11 83 
 11 74 
 11 52 
 11 10 
 11 75 
 11 4 
 11 24 
 11 41 
 11 22 
 11 27 
 11 77 
 11 79 
 11 32 
 11 51 
 11 17 
 11 18 
 11 37 
 11 63 
 12 23 
 12 38 
 12 9 
 12 5 
 12 54 
 12 62 
 12 84 
 12 20 
 12 66 
 12 100 
 12 60 
 12 69 
 12 26 
 12 28 
 12 33 
 12 78 
 13 1 
 13 3 
 13 15 
 13 98 
 13 80 
 13 68 
 13 35 
 13 31 
 13 16 
 13 21 
 13 55 
 13 59 
 13 62 
 13 63 
 13 66 
 13 70 
 13 73 
 13 85 
 13 95 
 13 97 
 14 9 
 14 75 
 14 36 
 14 45 
 14 53 
 14 26 
 14 63 
 14 69 
 14 1 
 14 44 
 14 23 
 14 51 
 14 17 
 14 21 
 14 60 
 14 91 
 14 96 
 14 37 
 15 4 
 15 9 
 15 13 
 15 66 
 15 8 
 15 30 
 15 39 
 15 26 
 15 50 
 15 55 
 15 77 
 15 19 
 15 27 
 15 32 
 15 76 
 15 61 
 15 22 
 15 58 
 15 62 
 15 64 
 15 75 
 15 78 
 16 32 
 16 83 
 16 13 
 16 39 
 16 40 
 16 33 
 16 8 
 16 43 
 16 18 
 16 46 
 16 63 
 16 73 
 17 35 
 17 97 
 17 11 
 17 66 
 17 36 
 17 88 
 17 14 
 17 2 
 17 40 
 17 54 
 17 44 
 17 48 
 17 77 
 17 99 
 17 6 
 17 23 
 17 29 
 17 95 
 17 30 
 17 61 
 17 64 
 17 67 
 17 100 
 18 2 
 18 49 
 18 57 
 18 11 
 18 87 
 18 1 
 18 16 
 18 100 
 18 43 
 18 59 
 18 26 
 18 38 
 18 60 
 18 72 
 18 75 
 18 85 
 18 93 
 18 5 
 19 1 
 19 8 
 19 15 
 19 32 
 19 52 
 19 53 
 19 70 
 19 74 
 20 1 
 20 12 
 20 91 
 20 59 
 20 40 
 20 42 
 20 89 
 20 76 
 20 44 
 20 28 
 20 55 
 20 87 
 20 32 
 20 50 
 20 54 
 20 56 
 20 79 
 20 85 
 21 4 
 21 14 
 21 83 
 21 23 
 21 78 
 21 73 
 21 53 
 21 70 
 21 13 
 21 62 
 21 93 
 21 84 
 21 30 
 21 31 
 21 49 
 21 54 
 21 61 
 21 87 
 22 11 
 22 42 
 22 41 
 22 72 
 22 92 
 22 39 
 22 29 
 22 15 
 22 83 
 22 4 
 22 48 
 22 64 
 22 45 
 22 84 
 22 49 
 22 94 
 22 81 
 22 27 
 22 25 
 22 54 
 22 76 
 22 96 
 23 6 
 23 7 
 23 12 
 23 14 
 23 17 
 23 21 
 23 76 
 23 10 
 23 88 
 23 9 
 23 37 
 23 90 
 23 99 
 23 85 
 23 26 
 23 30 
 23 75 
 23 41 
 23 43 
 23 52 
 23 83 
 23 61 
 24 5 
 24 9 
 24 11 
 24 51 
 24 46 
 24 94 
 25 5 
 25 22 
 25 78 
 25 58 
 25 42 
 25 37 
 25 49 
 25 60 
 25 62 
 25 67 
 25 72 
 25 74 
 25 94 
 25 35 
 26 7 
 26 14 
 26 15 
 26 23 
 26 18 
 26 32 
 26 53 
 26 12 
 26 35 
 26 37 
 26 43 
 26 56 
 26 63 
 26 77 
 26 83 
 26 84 
 27 4 
 27 9 
 27 11 
 27 15 
 27 22 
 27 35 
 27 38 
 27 45 
 27 53 
 27 54 
 27 56 
 27 70 
 27 72 
 27 2 
 28 5 
 28 20 
 28 12 
 28 36 
 28 34 
 28 37 
 28 48 
 28 61 
 28 84 
 28 90 
 29 3 
 29 17 
 29 22 
 29 67 
 29 75 
 29 85 
 29 78 
 29 76 
 29 46 
 29 47 
 30 1 
 30 6 
 30 8 
 30 15 
 30 23 
 30 41 
 30 80 
 30 70 
 30 21 
 30 64 
 30 10 
 30 79 
 30 57 
 30 40 
 30 5 
 30 17 
 30 53 
 30 55 
 30 63 
 30 85 
 30 88 
 30 95 
 31 1 
 31 5 
 31 13 
 31 42 
 31 21 
 31 82 
 31 37 
 31 41 
 31 45 
 31 54 
 31 56 
 31 62 
 31 72 
 31 73 
 32 5 
 32 11 
 32 15 
 32 16 
 32 26 
 32 2 
 32 81 
 32 71 
 32 4 
 32 47 
 32 20 
 32 19 
 32 57 
 32 93 
 32 89 
 32 34 
 32 53 
 32 84 
 33 9 
 33 16 
 33 78 
 33 12 
 33 34 
 33 37 
 33 43 
 33 55 
 33 97 
 33 52 
 34 1 
 34 4 
 34 7 
 34 32 
 34 70 
 34 2 
 34 39 
 34 28 
 34 33 
 34 51 
 34 50 
 34 55 
 34 62 
 34 67 
 34 77 
 34 95 
 34 100 
 34 53 
 35 7 
 35 8 
 35 13 
 35 17 
 35 27 
 35 43 
 35 93 
 35 26 
 35 38 
 35 46 
 35 75 
 35 77 
 35 81 
 35 82 
 35 90 
 35 25 
 36 1 
 36 6 
 36 7 
 36 14 
 36 17 
 36 28 
 36 46 
 36 52 
 36 72 
 36 84 
 37 8 
 37 23 
 37 25 
 37 49 
 37 93 
 37 26 
 37 6 
 37 92 
 37 31 
 37 11 
 37 57 
 37 33 
 37 45 
 37 28 
 37 3 
 37 9 
 37 85 
 37 42 
 37 56 
 37 61 
 37 70 
 37 91 
 37 97 
 37 14 
 38 6 
 38 12 
 38 76 
 38 98 
 38 39 
 38 18 
 38 27 
 38 46 
 38 89 
 38 53 
 38 58 
 38 78 
 38 35 
 38 55 
 38 70 
 38 88 
 39 8 
 39 9 
 39 15 
 39 16 
 39 22 
 39 34 
 39 38 
 39 48 
 39 57 
 39 62 
 39 70 
 39 88 
 40 8 
 40 16 
 40 17 
 40 20 
 40 30 
 40 6 
 40 59 
 40 86 
 40 42 
 40 90 
 40 43 
 40 85 
 40 51 
 40 99 
 40 70 
 40 77 
 40 83 
 40 97 
 41 7 
 41 11 
 41 22 
 41 23 
 41 30 
 41 96 
 41 55 
 41 31 
 41 44 
 41 43 
 41 48 
 41 73 
 41 93 
 41 3 
 42 5 
 42 20 
 42 22 
 42 25 
 42 31 
 42 37 
 42 40 
 42 71 
 42 74 
 42 70 
 42 3 
 42 52 
 42 98 
 42 56 
 42 86 
 42 73 
 42 80 
 42 43 
 42 55 
 42 99 
 43 16 
 43 18 
 43 35 
 43 40 
 43 41 
 43 42 
 43 33 
 43 72 
 43 65 
 43 94 
 43 67 
 43 23 
 43 26 
 43 47 
 43 75 
 43 76 
 43 96 
 43 81 
 44 4 
 44 14 
 44 17 
 44 20 
 44 41 
 44 56 
 44 62 
 44 81 
 44 85 
 44 86 
 45 8 
 45 14 
 45 22 
 45 37 
 45 54 
 45 67 
 45 10 
 45 31 
 45 99 
 45 81 
 45 2 
 45 27 
 45 56 
 45 70 
 45 76 
 45 83 
 46 1 
 46 7 
 46 38 
 46 16 
 46 92 
 46 99 
 46 36 
 46 90 
 46 24 
 46 95 
 46 35 
 46 29 
 46 50 
 46 54 
 46 55 
 46 61 
 46 65 
 46 91 
 47 32 
 47 43 
 47 53 
 47 64 
 47 73 
 47 83 
 47 88 
 47 29 
 48 17 
 48 22 
 48 3 
 48 28 
 48 76 
 48 68 
 48 39 
 48 53 
 48 41 
 48 87 
 48 60 
 48 62 
 48 83 
 48 95 
 49 5 
 49 18 
 49 22 
 49 37 
 49 21 
 49 25 
 49 50 
 49 79 
 49 81 
 49 97 
 50 1 
 50 2 
 50 15 
 50 77 
 50 64 
 50 6 
 50 34 
 50 9 
 50 20 
 50 98 
 50 75 
 50 73 
 50 92 
 50 46 
 50 49 
 50 93 
 50 57 
 50 61 
 50 91 
 50 96 
 51 3 
 51 10 
 51 11 
 51 14 
 51 24 
 51 34 
 51 40 
 51 68 
 51 60 
 51 70 
 51 74 
 51 83 
 51 84 
 51 93 
 52 4 
 52 6 
 52 11 
 52 42 
 52 23 
 52 36 
 52 19 
 52 89 
 52 54 
 52 61 
 52 77 
 52 33 
 53 1 
 53 8 
 53 9 
 53 14 
 53 21 
 53 26 
 53 38 
 53 48 
 53 95 
 53 84 
 53 30 
 53 27 
 53 19 
 53 32 
 53 97 
 53 47 
 53 60 
 53 7 
 53 54 
 53 67 
 53 70 
 53 76 
 53 88 
 53 34 
 54 12 
 54 17 
 54 45 
 54 21 
 54 5 
 54 6 
 54 52 
 54 69 
 54 46 
 54 65 
 54 82 
 54 20 
 54 22 
 54 7 
 54 53 
 54 9 
 54 77 
 54 27 
 54 63 
 54 31 
 54 62 
 54 72 
 54 75 
 55 9 
 55 15 
 55 20 
 55 38 
 55 41 
 55 13 
 55 57 
 55 30 
 55 33 
 55 86 
 55 42 
 55 34 
 55 62 
 55 99 
 55 78 
 55 85 
 55 94 
 55 46 
 55 64 
 55 84 
 55 97 
 55 100 
 56 4 
 56 5 
 56 42 
 56 26 
 56 60 
 56 37 
 56 83 
 56 91 
 56 27 
 56 94 
 56 44 
 56 100 
 56 86 
 56 3 
 56 6 
 56 45 
 56 31 
 56 8 
 56 20 
 56 81 
 56 62 
 56 64 
 56 96 
 56 85 
 57 1 
 57 7 
 57 18 
 57 30 
 57 32 
 57 37 
 57 55 
 57 39 
 57 50 
 57 94 
 57 61 
 57 77 
 57 84 
 57 59 
 58 5 
 58 25 
 58 38 
 58 15 
 58 83 
 58 99 
 58 67 
 58 87 
 59 2 
 59 3 
 59 4 
 59 18 
 59 20 
 59 40 
 59 13 
 59 96 
 59 83 
 59 95 
 59 62 
 59 85 
 59 93 
 59 57 
 60 8 
 60 12 
 60 53 
 60 56 
 60 14 
 60 80 
 60 62 
 60 18 
 60 51 
 60 89 
 60 94 
 60 48 
 60 10 
 60 66 
 60 25 
 60 1 
 60 64 
 60 76 
 60 77 
 60 79 
 60 84 
 60 96 
 61 15 
 61 72 
 61 52 
 61 17 
 61 57 
 61 3 
 61 64 
 61 69 
 61 50 
 61 28 
 61 37 
 61 79 
 61 21 
 61 46 
 61 67 
 61 73 
 61 76 
 61 83 
 61 85 
 61 92 
 61 93 
 61 23 
 62 12 
 62 21 
 62 55 
 62 60 
 62 44 
 62 13 
 62 39 
 62 82 
 62 56 
 62 34 
 62 59 
 62 2 
 62 65 
 62 54 
 62 15 
 62 48 
 62 25 
 62 31 
 62 63 
 62 95 
 63 4 
 63 6 
 63 9 
 63 14 
 63 54 
 63 30 
 63 16 
 63 83 
 63 99 
 63 7 
 63 11 
 63 74 
 63 13 
 63 62 
 63 26 
 63 8 
 63 64 
 63 66 
 64 22 
 64 30 
 64 50 
 64 61 
 64 67 
 64 84 
 64 7 
 64 65 
 64 78 
 64 47 
 64 56 
 64 8 
 64 63 
 64 68 
 64 60 
 64 15 
 64 17 
 64 55 
 65 43 
 65 54 
 65 62 
 65 64 
 65 46 
 65 10 
 65 71 
 65 77 
 65 88 
 65 100 
 66 12 
 66 15 
 66 17 
 66 60 
 66 13 
 66 63 
 66 77 
 66 79 
 67 4 
 67 29 
 67 43 
 67 45 
 67 64 
 67 83 
 67 17 
 67 34 
 67 25 
 67 61 
 67 53 
 67 5 
 67 8 
 67 58 
 67 70 
 67 75 
 67 85 
 67 96 
 68 1 
 68 9 
 68 13 
 68 48 
 68 51 
 68 64 
 68 75 
 68 80 
 69 12 
 69 14 
 69 54 
 69 61 
 69 84 
 69 90 
 70 1 
 70 8 
 70 21 
 70 30 
 70 34 
 70 42 
 70 67 
 70 13 
 70 37 
 70 38 
 70 73 
 70 39 
 70 19 
 70 40 
 70 45 
 70 51 
 70 53 
 70 27 
 70 94 
 70 76 
 71 32 
 71 42 
 71 65 
 71 92 
 71 100 
 71 74 
 72 4 
 72 7 
 72 10 
 72 22 
 72 43 
 72 61 
 72 80 
 72 18 
 72 36 
 72 54 
 72 27 
 72 31 
 72 76 
 72 25 
 72 94 
 72 96 
 73 7 
 73 21 
 73 42 
 73 50 
 73 70 
 73 81 
 73 13 
 73 95 
 73 31 
 73 47 
 73 16 
 73 61 
 73 97 
 73 41 
 73 100 
 73 1 
 74 2 
 74 8 
 74 11 
 74 42 
 74 63 
 74 19 
 74 51 
 74 25 
 74 81 
 74 71 
 75 1 
 75 11 
 75 14 
 75 23 
 75 29 
 75 50 
 75 35 
 75 5 
 75 18 
 75 3 
 75 15 
 75 43 
 75 95 
 75 4 
 75 67 
 75 78 
 75 68 
 75 54 
 76 15 
 76 20 
 76 23 
 76 29 
 76 38 
 76 48 
 76 72 
 76 53 
 76 22 
 76 60 
 76 45 
 76 61 
 76 98 
 76 43 
 76 90 
 76 94 
 76 96 
 76 70 
 77 1 
 77 11 
 77 15 
 77 17 
 77 50 
 77 54 
 77 66 
 77 57 
 77 65 
 77 40 
 77 52 
 77 90 
 77 34 
 77 10 
 77 26 
 77 9 
 77 96 
 77 60 
 77 35 
 77 97 
 77 84 
 77 91 
 77 98 
 77 93 
 78 7 
 78 21 
 78 25 
 78 29 
 78 33 
 78 38 
 78 55 
 78 64 
 78 75 
 78 93 
 78 89 
 78 12 
 78 84 
 78 87 
 78 91 
 78 15 
 79 9 
 79 11 
 79 30 
 79 61 
 79 93 
 79 60 
 79 66 
 79 20 
 79 49 
 79 81 
 79 87 
 79 94 
 80 1 
 80 6 
 80 13 
 80 30 
 80 42 
 80 60 
 80 72 
 80 68 
 81 22 
 81 32 
 81 45 
 81 56 
 81 73 
 81 44 
 81 35 
 81 79 
 81 49 
 81 74 
 81 88 
 81 90 
 81 97 
 81 43 
 82 6 
 82 9 
 82 31 
 82 54 
 82 62 
 82 35 
 82 84 
 82 90 
 82 94 
 82 96 
 83 11 
 83 16 
 83 21 
 83 22 
 83 56 
 83 58 
 83 59 
 83 63 
 83 67 
 83 40 
 83 45 
 83 23 
 83 61 
 83 48 
 83 51 
 83 47 
 83 1 
 83 26 
 84 7 
 84 12 
 84 21 
 84 22 
 84 53 
 84 64 
 84 69 
 84 32 
 84 57 
 84 94 
 84 51 
 84 36 
 84 55 
 84 60 
 84 78 
 84 26 
 84 82 
 84 77 
 84 28 
 84 88 
 84 90 
 84 100 
 85 9 
 85 23 
 85 29 
 85 37 
 85 40 
 85 55 
 85 18 
 85 92 
 85 67 
 85 30 
 85 8 
 85 20 
 85 88 
 85 61 
 85 13 
 85 96 
 85 44 
 85 59 
 85 95 
 85 98 
 85 99 
 85 56 
 86 4 
 86 40 
 86 42 
 86 55 
 86 56 
 86 90 
 86 93 
 86 44 
 87 18 
 87 20 
 87 48 
 87 21 
 87 78 
 87 79 
 87 97 
 87 58 
 88 17 
 88 23 
 88 84 
 88 85 
 88 81 
 88 89 
 88 30 
 88 53 
 88 5 
 88 39 
 88 47 
 88 1 
 88 65 
 88 38 
 89 1 
 89 8 
 89 9 
 89 10 
 89 20 
 89 32 
 89 38 
 89 52 
 89 60 
 89 78 
 89 88 
 89 95 
 90 23 
 90 40 
 90 46 
 90 77 
 90 86 
 90 35 
 90 84 
 90 81 
 90 69 
 90 76 
 90 94 
 90 82 
 90 28 
 90 95 
 91 1 
 91 6 
 91 9 
 91 20 
 91 56 
 91 46 
 91 50 
 91 4 
 91 14 
 91 77 
 91 37 
 91 78 
 91 94 
 91 95 
 92 9 
 92 22 
 92 37 
 92 46 
 92 50 
 92 71 
 92 85 
 92 97 
 92 61 
 92 2 
 93 3 
 93 7 
 93 21 
 93 32 
 93 35 
 93 37 
 93 50 
 93 78 
 93 79 
 93 61 
 93 18 
 93 41 
 93 51 
 93 86 
 93 59 
 93 4 
 93 97 
 93 77 
 94 22 
 94 43 
 94 55 
 94 56 
 94 57 
 94 60 
 94 84 
 94 90 
 94 25 
 94 24 
 94 6 
 94 82 
 94 95 
 94 5 
 94 76 
 94 91 
 94 70 
 94 7 
 94 79 
 94 72 
 95 17 
 95 46 
 95 53 
 95 59 
 95 73 
 95 75 
 95 94 
 95 90 
 95 62 
 95 34 
 95 89 
 95 13 
 95 48 
 95 85 
 95 91 
 95 8 
 95 97 
 95 30 
 96 41 
 96 59 
 96 77 
 96 85 
 96 76 
 96 82 
 96 60 
 96 43 
 96 72 
 96 56 
 96 67 
 96 50 
 96 14 
 96 22 
 97 1 
 97 9 
 97 17 
 97 53 
 97 73 
 97 77 
 97 92 
 97 10 
 97 4 
 97 81 
 97 13 
 97 87 
 97 55 
 97 95 
 97 93 
 97 49 
 97 7 
 97 33 
 97 37 
 97 40 
 98 1 
 98 6 
 98 7 
 98 13 
 98 38 
 98 42 
 98 50 
 98 76 
 98 77 
 98 85 
 99 8 
 99 9 
 99 17 
 99 23 
 99 40 
 99 45 
 99 46 
 99 55 
 99 58 
 99 63 
 99 85 
 99 42 
 100 12 
 100 18 
 100 56 
 100 34 
 100 55 
 100 73 
 100 84 
 100 71 
 100 17 
 100 65 
