 100 1534
 1 66 
 1 24 
 1 39 
 1 17 
 1 95 
 1 70 
 1 13 
 1 28 
 1 31 
 1 42 
 1 43 
 1 53 
 1 81 
 1 89 
 1 91 
 1 60 
 2 24 
 2 88 
 2 32 
 2 86 
 2 67 
 2 83 
 2 98 
 2 47 
 2 5 
 2 57 
 2 96 
 2 33 
 2 100 
 2 84 
 2 62 
 2 64 
 2 93 
 2 56 
 2 6 
 2 16 
 2 52 
 2 61 
 3 42 
 3 65 
 3 50 
 3 44 
 3 94 
 3 98 
 3 11 
 3 25 
 3 37 
 3 57 
 3 59 
 3 67 
 3 76 
 3 86 
 3 92 
 3 39 
 4 20 
 4 94 
 4 14 
 4 71 
 4 65 
 4 67 
 4 45 
 4 11 
 4 7 
 4 8 
 4 13 
 4 48 
 4 54 
 4 55 
 4 74 
 4 93 
 5 2 
 5 75 
 5 39 
 5 88 
 5 7 
 5 10 
 5 13 
 5 24 
 5 31 
 5 34 
 5 43 
 5 52 
 5 53 
 5 61 
 5 76 
 5 94 
 6 29 
 6 21 
 6 11 
 6 10 
 6 7 
 6 8 
 6 2 
 6 18 
 6 25 
 6 46 
 6 67 
 6 70 
 6 91 
 6 99 
 7 6 
 7 5 
 7 50 
 7 29 
 7 66 
 7 48 
 7 98 
 7 58 
 7 70 
 7 64 
 7 12 
 7 92 
 7 4 
 7 49 
 7 9 
 7 35 
 7 41 
 7 46 
 7 57 
 7 67 
 7 75 
 7 83 
 8 6 
 8 100 
 8 27 
 8 85 
 8 78 
 8 29 
 8 96 
 8 64 
 8 82 
 8 77 
 8 4 
 8 47 
 8 38 
 8 95 
 8 10 
 8 97 
 8 9 
 8 17 
 8 24 
 8 46 
 8 49 
 8 52 
 8 53 
 8 55 
 8 58 
 8 71 
 9 67 
 9 89 
 9 52 
 9 44 
 9 26 
 9 29 
 9 19 
 9 95 
 9 80 
 9 73 
 9 83 
 9 16 
 9 47 
 9 8 
 9 18 
 9 61 
 9 75 
 9 7 
 9 17 
 9 56 
 9 69 
 9 70 
 9 97 
 9 99 
 10 6 
 10 8 
 10 89 
 10 85 
 10 5 
 10 76 
 10 35 
 10 34 
 10 53 
 10 88 
 10 99 
 10 56 
 11 4 
 11 6 
 11 35 
 11 95 
 11 3 
 11 49 
 11 34 
 11 83 
 11 27 
 11 73 
 11 48 
 11 29 
 11 13 
 11 16 
 11 32 
 11 36 
 11 55 
 11 65 
 12 7 
 12 69 
 12 21 
 12 46 
 12 91 
 12 51 
 12 36 
 12 67 
 12 30 
 12 73 
 12 97 
 12 20 
 12 52 
 12 23 
 12 17 
 12 18 
 12 40 
 12 50 
 12 54 
 12 100 
 13 4 
 13 39 
 13 91 
 13 32 
 13 35 
 13 30 
 13 67 
 13 79 
 13 69 
 13 1 
 13 11 
 13 51 
 13 82 
 13 5 
 13 41 
 13 46 
 13 50 
 13 52 
 13 59 
 13 27 
 14 4 
 14 65 
 14 34 
 14 72 
 14 17 
 14 24 
 14 37 
 14 41 
 14 46 
 14 75 
 14 91 
 14 35 
 15 25 
 15 30 
 15 97 
 15 16 
 15 48 
 15 40 
 15 56 
 15 70 
 15 75 
 15 90 
 15 92 
 15 86 
 16 9 
 16 15 
 16 64 
 16 70 
 16 11 
 16 22 
 16 77 
 16 52 
 16 26 
 16 63 
 16 23 
 16 2 
 16 92 
 16 30 
 16 55 
 16 53 
 16 38 
 16 35 
 16 18 
 16 59 
 16 76 
 16 88 
 17 1 
 17 38 
 17 90 
 17 61 
 17 58 
 17 95 
 17 46 
 17 19 
 17 12 
 17 50 
 17 30 
 17 9 
 17 81 
 17 85 
 17 8 
 17 14 
 17 41 
 17 22 
 17 43 
 17 51 
 17 18 
 17 34 
 17 54 
 17 56 
 17 59 
 17 69 
 17 73 
 17 75 
 18 9 
 18 12 
 18 6 
 18 43 
 18 27 
 18 32 
 18 60 
 18 28 
 18 16 
 18 50 
 18 31 
 18 61 
 18 78 
 18 17 
 18 35 
 18 54 
 18 91 
 18 97 
 19 9 
 19 17 
 19 64 
 19 40 
 19 31 
 19 90 
 19 35 
 19 30 
 19 21 
 19 66 
 19 28 
 19 43 
 19 70 
 19 100 
 20 4 
 20 12 
 20 31 
 20 48 
 20 49 
 20 60 
 20 88 
 20 68 
 21 6 
 21 12 
 21 19 
 21 79 
 21 24 
 21 40 
 21 46 
 21 55 
 21 73 
 21 81 
 21 87 
 21 91 
 22 16 
 22 17 
 22 24 
 22 64 
 22 31 
 22 43 
 22 54 
 22 60 
 22 61 
 22 89 
 23 12 
 23 16 
 23 29 
 23 40 
 23 41 
 23 90 
 24 1 
 24 2 
 24 22 
 24 54 
 24 21 
 24 8 
 24 5 
 24 60 
 24 14 
 24 49 
 24 25 
 24 41 
 24 28 
 24 48 
 24 52 
 24 67 
 24 70 
 24 72 
 24 83 
 24 89 
 25 15 
 25 24 
 25 65 
 25 28 
 25 34 
 25 99 
 25 61 
 25 62 
 25 100 
 25 63 
 25 27 
 25 6 
 25 55 
 25 50 
 25 88 
 25 29 
 25 49 
 25 33 
 25 98 
 25 3 
 25 52 
 25 57 
 25 67 
 25 76 
 26 9 
 26 16 
 26 86 
 26 28 
 26 35 
 26 47 
 26 74 
 26 88 
 27 8 
 27 11 
 27 18 
 27 25 
 27 35 
 27 36 
 27 53 
 27 59 
 27 76 
 27 88 
 27 93 
 27 13 
 28 18 
 28 25 
 28 24 
 28 44 
 28 26 
 28 71 
 28 98 
 28 66 
 28 87 
 28 91 
 28 19 
 28 32 
 28 1 
 28 43 
 28 35 
 28 40 
 28 41 
 28 48 
 29 6 
 29 7 
 29 8 
 29 9 
 29 11 
 29 25 
 29 36 
 29 64 
 29 23 
 29 89 
 29 71 
 29 88 
 29 41 
 29 57 
 29 58 
 29 59 
 29 63 
 29 67 
 30 12 
 30 13 
 30 15 
 30 16 
 30 17 
 30 19 
 30 35 
 30 43 
 30 53 
 30 55 
 30 71 
 30 74 
 30 91 
 30 81 
 31 18 
 31 19 
 31 95 
 31 66 
 31 34 
 31 85 
 31 22 
 31 88 
 31 91 
 31 42 
 31 5 
 31 45 
 31 1 
 31 61 
 31 20 
 31 57 
 31 65 
 31 93 
 31 54 
 31 58 
 31 75 
 31 67 
 32 2 
 32 13 
 32 18 
 32 28 
 32 34 
 32 89 
 32 90 
 32 11 
 32 72 
 32 40 
 32 33 
 32 38 
 32 53 
 32 54 
 32 93 
 32 76 
 33 2 
 33 25 
 33 72 
 33 32 
 33 34 
 33 36 
 33 57 
 33 71 
 33 74 
 33 91 
 33 99 
 33 70 
 34 10 
 34 11 
 34 14 
 34 25 
 34 31 
 34 32 
 34 17 
 34 39 
 34 69 
 34 64 
 34 65 
 34 81 
 34 83 
 34 91 
 34 35 
 34 56 
 34 5 
 34 33 
 34 38 
 34 52 
 34 53 
 34 59 
 34 74 
 34 76 
 35 10 
 35 11 
 35 13 
 35 16 
 35 19 
 35 34 
 35 26 
 35 39 
 35 27 
 35 28 
 35 30 
 35 64 
 35 55 
 35 87 
 35 7 
 35 52 
 35 45 
 35 18 
 35 98 
 35 38 
 35 48 
 35 49 
 35 69 
 35 75 
 35 93 
 35 14 
 36 12 
 36 29 
 36 27 
 36 71 
 36 33 
 36 64 
 36 63 
 36 11 
 36 96 
 36 50 
 36 60 
 36 61 
 37 49 
 37 95 
 37 77 
 37 3 
 37 43 
 37 55 
 37 14 
 37 86 
 37 45 
 37 40 
 37 50 
 37 53 
 37 69 
 37 75 
 38 8 
 38 16 
 38 17 
 38 35 
 38 34 
 38 32 
 38 51 
 38 52 
 38 90 
 38 77 
 39 1 
 39 5 
 39 13 
 39 34 
 39 35 
 39 57 
 39 69 
 39 74 
 39 88 
 39 89 
 39 93 
 39 3 
 40 15 
 40 19 
 40 32 
 40 37 
 40 94 
 40 28 
 40 12 
 40 21 
 40 56 
 40 23 
 40 43 
 40 53 
 40 63 
 40 83 
 41 17 
 41 24 
 41 100 
 41 14 
 41 88 
 41 70 
 41 51 
 41 73 
 41 81 
 41 90 
 41 28 
 41 66 
 41 23 
 41 7 
 41 13 
 41 29 
 41 89 
 41 92 
 42 3 
 42 31 
 42 51 
 42 1 
 42 43 
 42 65 
 42 73 
 42 74 
 42 76 
 42 89 
 42 90 
 42 55 
 43 17 
 43 18 
 43 28 
 43 37 
 43 71 
 43 95 
 43 30 
 43 74 
 43 1 
 43 5 
 43 40 
 43 92 
 43 22 
 43 58 
 43 42 
 43 19 
 43 46 
 43 47 
 44 3 
 44 9 
 44 28 
 44 50 
 44 57 
 44 74 
 45 4 
 45 31 
 45 35 
 45 37 
 45 54 
 45 75 
 46 12 
 46 17 
 46 43 
 46 13 
 46 21 
 46 89 
 46 8 
 46 14 
 46 6 
 46 52 
 46 55 
 46 7 
 46 88 
 46 64 
 47 2 
 47 8 
 47 9 
 47 100 
 47 43 
 47 26 
 47 54 
 47 66 
 48 7 
 48 11 
 48 15 
 48 24 
 48 28 
 48 35 
 48 20 
 48 4 
 48 54 
 48 75 
 49 7 
 49 11 
 49 24 
 49 25 
 49 37 
 49 8 
 49 86 
 49 72 
 49 88 
 49 83 
 49 35 
 49 85 
 49 92 
 49 20 
 49 99 
 49 60 
 49 52 
 49 69 
 49 93 
 49 95 
 50 3 
 50 7 
 50 17 
 50 18 
 50 25 
 50 36 
 50 58 
 50 13 
 50 37 
 50 96 
 50 44 
 50 12 
 50 72 
 50 61 
 50 54 
 50 60 
 50 74 
 50 75 
 50 93 
 50 99 
 51 12 
 51 13 
 51 17 
 51 41 
 51 42 
 51 38 
 51 52 
 51 85 
 51 56 
 51 76 
 51 53 
 51 57 
 51 60 
 51 67 
 51 74 
 51 86 
 51 89 
 51 100 
 52 9 
 52 12 
 52 16 
 52 35 
 52 46 
 52 51 
 52 13 
 52 24 
 52 25 
 52 38 
 52 57 
 52 8 
 52 5 
 52 78 
 52 81 
 52 65 
 52 49 
 52 34 
 52 58 
 52 2 
 52 53 
 52 59 
 52 73 
 52 74 
 52 90 
 52 100 
 53 16 
 53 52 
 53 34 
 53 27 
 53 83 
 53 40 
 53 8 
 53 32 
 53 30 
 53 95 
 53 60 
 53 68 
 53 5 
 53 37 
 53 1 
 53 10 
 53 66 
 53 81 
 53 51 
 53 84 
 53 56 
 53 75 
 53 90 
 53 97 
 54 24 
 54 4 
 54 18 
 54 47 
 54 50 
 54 58 
 54 31 
 54 48 
 54 12 
 54 60 
 54 80 
 54 92 
 54 84 
 54 45 
 54 32 
 54 22 
 54 17 
 54 57 
 54 88 
 54 93 
 55 16 
 55 25 
 55 35 
 55 37 
 55 46 
 55 21 
 55 84 
 55 8 
 55 68 
 55 4 
 55 71 
 55 82 
 55 11 
 55 30 
 55 63 
 55 88 
 55 92 
 55 42 
 56 2 
 56 34 
 56 40 
 56 51 
 56 79 
 56 17 
 56 83 
 56 15 
 56 82 
 56 58 
 56 88 
 56 77 
 56 53 
 56 72 
 56 9 
 56 75 
 56 59 
 56 69 
 56 74 
 56 81 
 56 93 
 56 10 
 57 2 
 57 31 
 57 52 
 57 51 
 57 54 
 57 77 
 57 25 
 57 3 
 57 83 
 57 44 
 57 90 
 57 95 
 57 39 
 57 72 
 57 93 
 57 29 
 57 7 
 57 96 
 57 33 
 57 68 
 57 69 
 58 7 
 58 17 
 58 43 
 58 50 
 58 52 
 58 54 
 58 56 
 58 29 
 58 8 
 58 74 
 58 31 
 58 70 
 58 61 
 58 99 
 59 13 
 59 68 
 59 67 
 59 27 
 59 29 
 59 17 
 59 78 
 59 34 
 59 71 
 59 16 
 59 3 
 59 79 
 59 56 
 59 52 
 59 61 
 59 63 
 59 88 
 59 92 
 60 18 
 60 24 
 60 49 
 60 53 
 60 54 
 60 50 
 60 20 
 60 97 
 60 85 
 60 22 
 60 51 
 60 36 
 60 63 
 60 69 
 60 91 
 60 1 
 61 9 
 61 17 
 61 18 
 61 25 
 61 31 
 61 50 
 61 97 
 61 86 
 61 22 
 61 5 
 61 70 
 61 2 
 61 36 
 61 84 
 61 93 
 61 59 
 61 62 
 61 78 
 61 82 
 61 58 
 61 89 
 61 92 
 62 2 
 62 25 
 62 61 
 62 70 
 62 71 
 62 76 
 62 99 
 62 85 
 63 16 
 63 25 
 63 36 
 63 40 
 63 55 
 63 90 
 63 67 
 63 72 
 63 59 
 63 91 
 63 87 
 63 60 
 63 65 
 63 29 
 63 76 
 63 80 
 64 2 
 64 7 
 64 8 
 64 16 
 64 19 
 64 22 
 64 29 
 64 34 
 64 35 
 64 36 
 64 69 
 64 70 
 64 91 
 64 46 
 65 3 
 65 4 
 65 14 
 65 25 
 65 31 
 65 34 
 65 52 
 65 63 
 65 42 
 65 87 
 65 74 
 65 93 
 65 100 
 65 11 
 66 1 
 66 7 
 66 19 
 66 28 
 66 31 
 66 41 
 66 53 
 66 47 
 67 2 
 67 4 
 67 9 
 67 12 
 67 13 
 67 59 
 67 63 
 67 81 
 67 24 
 67 74 
 67 7 
 67 89 
 67 6 
 67 25 
 67 29 
 67 73 
 67 51 
 67 3 
 67 91 
 67 31 
 68 53 
 68 55 
 68 57 
 68 59 
 68 90 
 68 20 
 69 12 
 69 13 
 69 34 
 69 79 
 69 57 
 69 98 
 69 9 
 69 60 
 69 49 
 69 39 
 69 37 
 69 64 
 69 56 
 69 71 
 69 17 
 69 35 
 69 86 
 69 91 
 70 1 
 70 7 
 70 16 
 70 41 
 70 58 
 70 61 
 70 98 
 70 64 
 70 19 
 70 9 
 70 6 
 70 24 
 70 62 
 70 86 
 70 87 
 70 15 
 70 76 
 70 79 
 70 89 
 70 33 
 71 4 
 71 28 
 71 29 
 71 36 
 71 43 
 71 55 
 71 59 
 71 69 
 71 77 
 71 30 
 71 78 
 71 84 
 71 8 
 71 33 
 71 73 
 71 62 
 72 14 
 72 32 
 72 33 
 72 49 
 72 50 
 72 56 
 72 57 
 72 63 
 72 24 
 72 85 
 72 75 
 73 9 
 73 11 
 73 12 
 73 41 
 73 67 
 73 71 
 73 17 
 73 82 
 73 83 
 73 42 
 73 21 
 73 52 
 73 81 
 73 80 
 74 43 
 74 58 
 74 67 
 74 86 
 74 98 
 74 44 
 74 90 
 74 65 
 74 39 
 74 52 
 74 26 
 74 33 
 74 50 
 74 30 
 74 42 
 74 56 
 74 51 
 74 4 
 74 34 
 74 75 
 74 76 
 74 91 
 75 5 
 75 9 
 75 56 
 75 37 
 75 15 
 75 31 
 75 76 
 75 48 
 75 17 
 75 83 
 75 45 
 75 89 
 75 53 
 75 14 
 75 96 
 75 74 
 75 72 
 75 50 
 75 35 
 75 7 
 76 10 
 76 51 
 76 75 
 76 62 
 76 42 
 76 84 
 76 70 
 76 27 
 76 25 
 76 3 
 76 5 
 76 34 
 76 74 
 76 82 
 76 16 
 76 63 
 76 94 
 76 32 
 77 8 
 77 16 
 77 37 
 77 56 
 77 57 
 77 71 
 77 90 
 77 38 
 78 8 
 78 18 
 78 52 
 78 59 
 78 61 
 78 71 
 78 86 
 78 93 
 79 13 
 79 21 
 79 56 
 79 59 
 79 69 
 79 70 
 80 9 
 80 54 
 80 73 
 80 63 
 80 86 
 80 92 
 81 17 
 81 34 
 81 41 
 81 52 
 81 53 
 81 67 
 81 73 
 81 89 
 81 99 
 81 94 
 81 1 
 81 56 
 81 83 
 81 21 
 81 100 
 81 30 
 82 8 
 82 13 
 82 55 
 82 56 
 82 61 
 82 73 
 82 76 
 82 89 
 83 2 
 83 9 
 83 11 
 83 34 
 83 49 
 83 53 
 83 56 
 83 57 
 83 73 
 83 75 
 83 81 
 83 24 
 83 40 
 83 7 
 83 91 
 83 92 
 83 93 
 83 99 
 84 2 
 84 53 
 84 54 
 84 55 
 84 61 
 84 71 
 84 76 
 84 93 
 85 8 
 85 10 
 85 17 
 85 31 
 85 49 
 85 51 
 85 60 
 85 72 
 85 89 
 85 62 
 86 2 
 86 26 
 86 37 
 86 49 
 86 61 
 86 70 
 86 74 
 86 51 
 86 78 
 86 3 
 86 69 
 86 80 
 86 97 
 86 15 
 87 28 
 87 35 
 87 63 
 87 65 
 87 70 
 87 21 
 87 90 
 87 99 
 88 2 
 88 5 
 88 25 
 88 29 
 88 31 
 88 41 
 88 49 
 88 56 
 88 39 
 88 59 
 88 54 
 88 16 
 88 55 
 88 46 
 88 10 
 88 27 
 88 26 
 88 20 
 89 9 
 89 10 
 89 29 
 89 32 
 89 46 
 89 67 
 89 75 
 89 81 
 89 70 
 89 41 
 89 85 
 89 1 
 89 61 
 89 90 
 89 24 
 89 82 
 89 51 
 89 22 
 89 42 
 89 39 
 90 17 
 90 19 
 90 32 
 90 41 
 90 57 
 90 63 
 90 74 
 90 89 
 90 77 
 90 15 
 90 52 
 90 38 
 90 42 
 90 23 
 90 53 
 90 68 
 90 87 
 90 100 
 90 91 
 90 92 
 91 12 
 91 13 
 91 28 
 91 31 
 91 34 
 91 63 
 91 18 
 91 6 
 91 67 
 91 69 
 91 21 
 91 14 
 91 33 
 91 74 
 91 64 
 91 83 
 91 30 
 91 90 
 91 1 
 91 60 
 91 92 
 91 99 
 92 7 
 92 16 
 92 43 
 92 49 
 92 54 
 92 61 
 92 15 
 92 59 
 92 95 
 92 90 
 92 55 
 92 41 
 92 91 
 92 80 
 92 3 
 92 83 
 93 2 
 93 31 
 93 57 
 93 61 
 93 98 
 93 50 
 93 95 
 93 39 
 93 54 
 93 84 
 93 65 
 93 4 
 93 49 
 93 56 
 93 97 
 93 83 
 93 27 
 93 78 
 93 35 
 93 32 
 94 3 
 94 4 
 94 40 
 94 81 
 94 76 
 94 5 
 95 1 
 95 8 
 95 9 
 95 11 
 95 17 
 95 31 
 95 37 
 95 43 
 95 53 
 95 57 
 95 92 
 95 93 
 95 99 
 95 49 
 96 2 
 96 8 
 96 36 
 96 50 
 96 57 
 96 75 
 97 8 
 97 12 
 97 15 
 97 60 
 97 61 
 97 93 
 97 53 
 97 86 
 97 18 
 97 9 
 98 2 
 98 3 
 98 7 
 98 25 
 98 28 
 98 35 
 98 69 
 98 70 
 98 74 
 98 93 
 99 25 
 99 49 
 99 81 
 99 83 
 99 9 
 99 6 
 99 62 
 99 87 
 99 95 
 99 91 
 99 10 
 99 50 
 99 58 
 99 33 
 100 2 
 100 8 
 100 25 
 100 41 
 100 47 
 100 90 
 100 81 
 100 65 
 100 51 
 100 12 
 100 52 
 100 19 
