 100 1544
 1 51 
 1 26 
 1 84 
 1 95 
 1 14 
 1 48 
 1 13 
 1 93 
 1 75 
 1 12 
 1 85 
 1 25 
 1 66 
 1 27 
 1 30 
 1 65 
 1 10 
 1 32 
 1 39 
 1 45 
 1 56 
 1 16 
 2 79 
 2 13 
 2 10 
 2 57 
 2 77 
 2 32 
 2 37 
 2 63 
 2 30 
 2 47 
 2 99 
 2 21 
 2 51 
 2 9 
 2 29 
 2 15 
 2 14 
 2 23 
 2 33 
 2 38 
 2 40 
 2 55 
 2 58 
 2 66 
 3 100 
 3 29 
 3 67 
 3 31 
 3 58 
 3 39 
 3 56 
 3 40 
 3 4 
 3 59 
 3 37 
 3 80 
 3 68 
 3 13 
 3 83 
 3 82 
 3 86 
 3 43 
 3 19 
 3 21 
 3 28 
 3 32 
 4 3 
 4 52 
 4 78 
 4 97 
 4 33 
 4 66 
 4 27 
 4 100 
 4 44 
 4 35 
 4 17 
 4 83 
 4 60 
 4 65 
 4 5 
 4 38 
 4 58 
 4 69 
 4 71 
 4 82 
 5 4 
 5 9 
 5 80 
 5 86 
 5 44 
 5 78 
 5 84 
 5 100 
 5 39 
 5 79 
 5 40 
 5 85 
 5 7 
 5 82 
 5 10 
 5 21 
 5 24 
 5 56 
 5 75 
 5 49 
 6 97 
 6 65 
 6 57 
 6 16 
 6 34 
 6 82 
 6 67 
 6 70 
 6 33 
 6 100 
 6 17 
 6 84 
 6 78 
 6 85 
 6 40 
 6 55 
 6 94 
 6 20 
 6 11 
 6 13 
 6 21 
 6 24 
 6 30 
 6 45 
 6 80 
 6 53 
 7 5 
 7 94 
 7 74 
 7 20 
 7 16 
 7 100 
 7 30 
 7 90 
 7 69 
 7 41 
 7 34 
 7 43 
 7 66 
 7 89 
 8 98 
 8 83 
 8 67 
 8 77 
 8 47 
 8 100 
 8 66 
 8 93 
 8 33 
 8 26 
 8 14 
 8 12 
 8 27 
 8 36 
 8 42 
 8 45 
 8 51 
 8 53 
 8 60 
 8 82 
 8 91 
 8 61 
 9 2 
 9 5 
 9 57 
 9 30 
 9 20 
 9 39 
 9 36 
 9 43 
 9 48 
 9 29 
 9 55 
 9 98 
 9 15 
 9 28 
 9 37 
 9 45 
 9 61 
 9 51 
 10 2 
 10 56 
 10 100 
 10 69 
 10 52 
 10 85 
 10 75 
 10 71 
 10 13 
 10 1 
 10 39 
 10 5 
 10 32 
 10 35 
 10 54 
 10 42 
 10 61 
 10 62 
 10 64 
 10 77 
 11 50 
 11 15 
 11 54 
 11 37 
 11 70 
 11 6 
 11 16 
 11 29 
 11 32 
 11 38 
 11 45 
 11 80 
 11 82 
 11 98 
 12 1 
 12 8 
 12 23 
 12 20 
 12 21 
 12 54 
 12 84 
 12 50 
 12 75 
 12 63 
 12 22 
 12 38 
 12 46 
 12 25 
 13 1 
 13 2 
 13 3 
 13 10 
 13 71 
 13 72 
 13 74 
 13 66 
 13 61 
 13 6 
 13 87 
 13 64 
 13 23 
 13 22 
 13 94 
 13 77 
 13 85 
 13 62 
 13 19 
 13 100 
 13 31 
 13 50 
 13 58 
 13 86 
 13 98 
 14 1 
 14 8 
 14 43 
 14 91 
 14 2 
 14 42 
 14 67 
 14 98 
 14 59 
 14 95 
 14 76 
 14 39 
 14 45 
 14 96 
 14 60 
 14 93 
 14 35 
 14 70 
 14 89 
 14 83 
 14 28 
 14 51 
 14 61 
 14 81 
 15 2 
 15 11 
 15 9 
 15 17 
 15 36 
 15 77 
 15 25 
 15 18 
 15 23 
 15 31 
 15 35 
 15 50 
 15 61 
 15 92 
 16 6 
 16 7 
 16 40 
 16 43 
 16 39 
 16 44 
 16 75 
 16 95 
 16 32 
 16 64 
 16 50 
 16 28 
 16 11 
 16 25 
 16 65 
 16 90 
 16 52 
 16 62 
 16 48 
 16 23 
 16 18 
 16 27 
 16 29 
 16 49 
 16 56 
 16 69 
 16 81 
 16 82 
 16 83 
 16 1 
 17 4 
 17 6 
 17 15 
 17 81 
 17 23 
 17 66 
 17 100 
 17 80 
 17 21 
 17 29 
 17 31 
 17 32 
 17 33 
 17 47 
 17 49 
 17 71 
 18 15 
 18 92 
 18 46 
 18 73 
 18 19 
 18 16 
 18 43 
 18 64 
 18 62 
 18 26 
 18 21 
 18 36 
 18 42 
 18 47 
 18 60 
 18 56 
 19 13 
 19 18 
 19 71 
 19 23 
 19 57 
 19 87 
 19 60 
 19 54 
 19 88 
 19 35 
 19 3 
 19 64 
 19 38 
 19 42 
 19 82 
 19 55 
 20 6 
 20 7 
 20 9 
 20 12 
 20 22 
 20 30 
 20 41 
 20 75 
 20 76 
 20 81 
 20 89 
 20 43 
 21 2 
 21 12 
 21 23 
 21 84 
 21 68 
 21 25 
 21 5 
 21 6 
 21 18 
 21 93 
 21 75 
 21 17 
 21 90 
 21 3 
 21 24 
 21 61 
 21 97 
 21 92 
 21 43 
 21 29 
 21 50 
 21 88 
 22 13 
 22 12 
 22 54 
 22 20 
 22 89 
 22 52 
 22 68 
 22 58 
 22 40 
 22 48 
 22 43 
 22 81 
 22 86 
 22 88 
 22 91 
 23 12 
 23 13 
 23 16 
 23 17 
 23 19 
 23 21 
 23 53 
 23 67 
 23 74 
 23 2 
 23 26 
 23 60 
 23 89 
 23 35 
 23 61 
 23 15 
 23 24 
 23 27 
 23 28 
 23 33 
 23 42 
 23 49 
 23 69 
 23 38 
 24 21 
 24 99 
 24 53 
 24 54 
 24 65 
 24 100 
 24 94 
 24 73 
 24 30 
 24 23 
 24 40 
 24 46 
 24 51 
 24 5 
 24 45 
 24 90 
 24 6 
 24 44 
 24 26 
 24 39 
 24 58 
 24 97 
 25 1 
 25 15 
 25 16 
 25 21 
 25 26 
 25 70 
 25 28 
 25 39 
 25 42 
 25 45 
 25 61 
 25 69 
 25 91 
 25 12 
 26 1 
 26 8 
 26 18 
 26 23 
 26 25 
 26 76 
 26 24 
 26 94 
 26 42 
 26 32 
 26 33 
 26 69 
 26 73 
 26 75 
 26 81 
 26 83 
 27 1 
 27 4 
 27 97 
 27 75 
 27 74 
 27 39 
 27 94 
 27 8 
 27 49 
 27 64 
 27 72 
 27 46 
 27 53 
 27 23 
 27 16 
 27 50 
 27 67 
 27 59 
 27 80 
 27 100 
 27 38 
 27 51 
 27 66 
 27 87 
 27 91 
 27 73 
 28 16 
 28 55 
 28 25 
 28 3 
 28 96 
 28 51 
 28 44 
 28 9 
 28 50 
 28 14 
 28 23 
 28 89 
 28 29 
 28 30 
 28 49 
 28 66 
 28 69 
 28 74 
 28 82 
 28 42 
 29 2 
 29 3 
 29 9 
 29 21 
 29 49 
 29 11 
 29 57 
 29 48 
 29 16 
 29 87 
 29 65 
 29 28 
 29 17 
 29 67 
 29 82 
 29 60 
 30 1 
 30 2 
 30 7 
 30 9 
 30 24 
 30 70 
 30 28 
 30 75 
 30 35 
 30 6 
 30 20 
 30 47 
 30 77 
 30 62 
 30 33 
 30 51 
 30 76 
 30 84 
 31 3 
 31 88 
 31 93 
 31 15 
 31 100 
 31 78 
 31 69 
 31 98 
 31 92 
 31 36 
 31 75 
 31 47 
 31 40 
 31 13 
 31 76 
 31 17 
 31 91 
 31 46 
 32 2 
 32 10 
 32 16 
 32 26 
 32 91 
 32 1 
 32 3 
 32 67 
 32 70 
 32 94 
 32 76 
 32 11 
 32 17 
 32 83 
 32 74 
 32 81 
 32 47 
 32 66 
 32 73 
 32 98 
 33 4 
 33 6 
 33 8 
 33 53 
 33 17 
 33 78 
 33 51 
 33 39 
 33 26 
 33 80 
 33 2 
 33 57 
 33 66 
 33 63 
 33 30 
 33 23 
 33 50 
 33 69 
 34 6 
 34 7 
 34 84 
 34 90 
 34 53 
 34 97 
 35 4 
 35 10 
 35 14 
 35 19 
 35 23 
 35 30 
 35 44 
 35 46 
 35 72 
 35 39 
 35 40 
 35 15 
 35 47 
 35 80 
 36 9 
 36 15 
 36 31 
 36 18 
 36 67 
 36 8 
 36 51 
 36 56 
 36 77 
 36 81 
 37 2 
 37 3 
 37 11 
 37 76 
 37 40 
 37 9 
 37 86 
 37 41 
 37 95 
 37 77 
 37 52 
 37 84 
 37 38 
 37 49 
 37 53 
 37 73 
 38 90 
 38 11 
 38 4 
 38 37 
 38 77 
 38 27 
 38 12 
 38 48 
 38 81 
 38 67 
 38 68 
 38 79 
 38 44 
 38 19 
 38 98 
 38 2 
 38 40 
 38 53 
 38 66 
 38 23 
 39 3 
 39 5 
 39 9 
 39 10 
 39 14 
 39 16 
 39 27 
 39 33 
 39 35 
 39 24 
 39 70 
 39 61 
 39 25 
 39 1 
 39 89 
 39 40 
 39 73 
 39 76 
 40 3 
 40 5 
 40 6 
 40 16 
 40 22 
 40 24 
 40 31 
 40 35 
 40 37 
 40 39 
 40 41 
 40 48 
 40 2 
 40 67 
 40 38 
 40 68 
 40 58 
 40 60 
 40 76 
 40 97 
 41 7 
 41 37 
 41 40 
 41 73 
 41 99 
 41 91 
 41 98 
 41 20 
 42 14 
 42 26 
 42 61 
 42 98 
 42 52 
 42 18 
 42 51 
 42 44 
 42 89 
 42 95 
 42 10 
 42 56 
 42 63 
 42 8 
 42 64 
 42 84 
 42 25 
 42 19 
 42 23 
 42 79 
 42 71 
 42 28 
 43 3 
 43 9 
 43 14 
 43 16 
 43 18 
 43 21 
 43 22 
 43 7 
 43 51 
 43 53 
 43 66 
 43 74 
 43 97 
 43 20 
 44 4 
 44 5 
 44 16 
 44 24 
 44 28 
 44 35 
 44 38 
 44 42 
 44 69 
 44 83 
 44 89 
 44 70 
 45 14 
 45 24 
 45 9 
 45 65 
 45 49 
 45 96 
 45 1 
 45 63 
 45 11 
 45 89 
 45 8 
 45 78 
 45 25 
 45 6 
 45 98 
 45 66 
 46 18 
 46 24 
 46 27 
 46 35 
 46 92 
 46 12 
 46 59 
 46 53 
 46 70 
 46 88 
 46 49 
 46 56 
 46 58 
 46 69 
 46 97 
 46 31 
 47 2 
 47 8 
 47 30 
 47 31 
 47 35 
 47 91 
 47 48 
 47 32 
 47 18 
 47 98 
 47 78 
 47 76 
 47 17 
 47 83 
 48 1 
 48 9 
 48 16 
 48 22 
 48 29 
 48 38 
 48 40 
 48 47 
 48 87 
 48 99 
 48 58 
 48 60 
 48 91 
 48 64 
 49 27 
 49 29 
 49 45 
 49 75 
 49 46 
 49 76 
 49 28 
 49 81 
 49 16 
 49 37 
 49 79 
 49 57 
 49 23 
 49 50 
 49 98 
 49 84 
 49 17 
 49 97 
 49 91 
 49 5 
 50 11 
 50 12 
 50 16 
 50 27 
 50 28 
 50 49 
 50 15 
 50 21 
 50 33 
 50 13 
 50 74 
 50 83 
 50 98 
 50 94 
 51 1 
 51 2 
 51 24 
 51 28 
 51 33 
 51 42 
 51 8 
 51 43 
 51 95 
 51 36 
 51 30 
 51 52 
 51 14 
 51 100 
 51 27 
 51 64 
 51 58 
 51 9 
 52 4 
 52 10 
 52 16 
 52 22 
 52 37 
 52 42 
 52 51 
 52 62 
 52 75 
 52 97 
 53 23 
 53 24 
 53 27 
 53 33 
 53 46 
 53 38 
 53 8 
 53 63 
 53 62 
 53 43 
 53 37 
 53 95 
 53 65 
 53 72 
 53 90 
 53 76 
 53 93 
 53 34 
 53 55 
 53 56 
 53 77 
 53 6 
 54 10 
 54 11 
 54 12 
 54 19 
 54 22 
 54 24 
 54 89 
 54 96 
 55 6 
 55 9 
 55 28 
 55 53 
 55 57 
 55 100 
 55 58 
 55 98 
 55 75 
 55 2 
 55 91 
 55 96 
 55 71 
 55 19 
 56 3 
 56 10 
 56 42 
 56 1 
 56 70 
 56 75 
 56 80 
 56 16 
 56 46 
 56 81 
 56 53 
 56 5 
 56 90 
 56 36 
 56 58 
 56 18 
 57 2 
 57 6 
 57 9 
 57 19 
 57 29 
 57 33 
 57 49 
 57 55 
 58 3 
 58 22 
 58 55 
 58 40 
 58 68 
 58 48 
 58 24 
 58 76 
 58 4 
 58 56 
 58 2 
 58 60 
 58 51 
 58 61 
 58 13 
 58 46 
 58 98 
 58 62 
 59 3 
 59 14 
 59 27 
 59 46 
 59 86 
 59 85 
 60 4 
 60 14 
 60 19 
 60 23 
 60 58 
 60 18 
 60 8 
 60 40 
 60 48 
 60 77 
 60 73 
 60 76 
 60 81 
 60 29 
 61 13 
 61 21 
 61 23 
 61 39 
 61 42 
 61 58 
 61 83 
 61 89 
 61 9 
 61 63 
 61 15 
 61 25 
 61 90 
 61 71 
 61 77 
 61 10 
 61 14 
 61 84 
 61 62 
 61 64 
 61 81 
 61 8 
 62 13 
 62 16 
 62 18 
 62 30 
 62 53 
 62 61 
 62 58 
 62 10 
 62 92 
 62 86 
 62 72 
 62 79 
 62 52 
 62 85 
 62 75 
 62 80 
 62 82 
 62 89 
 63 2 
 63 12 
 63 33 
 63 42 
 63 45 
 63 53 
 63 61 
 63 64 
 63 80 
 63 82 
 64 13 
 64 16 
 64 18 
 64 19 
 64 27 
 64 42 
 64 51 
 64 63 
 64 61 
 64 92 
 64 10 
 64 79 
 64 74 
 64 48 
 65 1 
 65 4 
 65 6 
 65 16 
 65 24 
 65 29 
 65 45 
 65 53 
 65 73 
 65 81 
 65 83 
 65 95 
 66 1 
 66 4 
 66 8 
 66 13 
 66 17 
 66 33 
 66 94 
 66 43 
 66 38 
 66 87 
 66 2 
 66 27 
 66 7 
 66 28 
 66 32 
 66 88 
 66 81 
 66 45 
 67 3 
 67 6 
 67 8 
 67 14 
 67 23 
 67 27 
 67 29 
 67 32 
 67 36 
 67 38 
 67 40 
 67 68 
 68 3 
 68 21 
 68 22 
 68 38 
 68 40 
 68 58 
 68 69 
 68 67 
 69 7 
 69 10 
 69 31 
 69 23 
 69 46 
 69 33 
 69 16 
 69 25 
 69 28 
 69 68 
 69 4 
 69 44 
 69 26 
 69 91 
 70 6 
 70 11 
 70 14 
 70 25 
 70 30 
 70 32 
 70 39 
 70 46 
 70 56 
 70 83 
 70 73 
 70 44 
 71 10 
 71 13 
 71 19 
 71 61 
 71 55 
 71 93 
 71 17 
 71 4 
 71 89 
 71 42 
 71 73 
 71 75 
 71 77 
 71 88 
 72 13 
 72 27 
 72 35 
 72 53 
 72 62 
 72 73 
 72 86 
 72 91 
 73 18 
 73 24 
 73 41 
 73 71 
 73 32 
 73 26 
 73 37 
 73 100 
 73 60 
 73 94 
 73 72 
 73 65 
 73 39 
 73 70 
 73 86 
 73 27 
 74 7 
 74 13 
 74 23 
 74 27 
 74 32 
 74 86 
 74 64 
 74 50 
 74 28 
 74 43 
 74 80 
 74 81 
 75 1 
 75 10 
 75 12 
 75 16 
 75 21 
 75 27 
 75 30 
 75 31 
 75 49 
 75 55 
 75 56 
 75 5 
 75 79 
 75 26 
 75 97 
 75 62 
 75 52 
 75 71 
 75 76 
 75 20 
 76 14 
 76 26 
 76 31 
 76 32 
 76 37 
 76 47 
 76 49 
 76 53 
 76 58 
 76 75 
 76 30 
 76 60 
 76 39 
 76 79 
 76 20 
 76 40 
 77 2 
 77 8 
 77 13 
 77 15 
 77 30 
 77 37 
 77 38 
 77 60 
 77 61 
 77 53 
 77 36 
 77 79 
 77 71 
 77 10 
 77 82 
 77 91 
 78 4 
 78 5 
 78 6 
 78 31 
 78 33 
 78 45 
 78 47 
 78 88 
 79 2 
 79 5 
 79 38 
 79 42 
 79 49 
 79 62 
 79 64 
 79 75 
 79 76 
 79 77 
 80 3 
 80 5 
 80 17 
 80 27 
 80 33 
 80 56 
 80 85 
 80 100 
 80 62 
 80 6 
 80 88 
 80 74 
 80 91 
 80 63 
 80 11 
 80 35 
 81 17 
 81 32 
 81 38 
 81 49 
 81 56 
 81 92 
 81 96 
 81 26 
 81 60 
 81 20 
 81 16 
 81 36 
 81 61 
 81 14 
 81 22 
 81 74 
 81 65 
 81 66 
 82 3 
 82 5 
 82 6 
 82 63 
 82 62 
 82 83 
 82 16 
 82 19 
 82 77 
 82 89 
 82 4 
 82 29 
 82 28 
 82 8 
 82 11 
 82 98 
 83 3 
 83 4 
 83 8 
 83 14 
 83 32 
 83 47 
 83 61 
 83 70 
 83 82 
 83 50 
 83 44 
 83 16 
 83 84 
 83 65 
 83 91 
 83 26 
 84 1 
 84 5 
 84 6 
 84 12 
 84 21 
 84 34 
 84 37 
 84 42 
 84 49 
 84 61 
 84 83 
 84 30 
 85 1 
 85 5 
 85 6 
 85 10 
 85 13 
 85 62 
 85 80 
 85 59 
 86 3 
 86 5 
 86 37 
 86 62 
 86 74 
 86 97 
 86 73 
 86 59 
 86 72 
 86 93 
 86 94 
 86 22 
 86 13 
 86 89 
 87 13 
 87 19 
 87 29 
 87 48 
 87 66 
 87 27 
 87 88 
 87 90 
 88 19 
 88 31 
 88 46 
 88 66 
 88 80 
 88 71 
 88 22 
 88 21 
 88 78 
 88 87 
 89 14 
 89 22 
 89 23 
 89 28 
 89 39 
 89 42 
 89 45 
 89 61 
 89 71 
 89 82 
 89 44 
 89 54 
 89 62 
 89 86 
 89 20 
 89 7 
 90 7 
 90 16 
 90 21 
 90 24 
 90 34 
 90 38 
 90 53 
 90 56 
 90 61 
 90 87 
 91 14 
 91 32 
 91 41 
 91 47 
 91 55 
 91 69 
 91 80 
 91 49 
 91 77 
 91 95 
 91 48 
 91 31 
 91 83 
 91 25 
 91 72 
 91 8 
 91 27 
 91 22 
 92 18 
 92 21 
 92 31 
 92 46 
 92 62 
 92 64 
 92 81 
 92 15 
 93 1 
 93 8 
 93 14 
 93 21 
 93 31 
 93 53 
 93 71 
 93 86 
 94 6 
 94 7 
 94 13 
 94 24 
 94 26 
 94 27 
 94 32 
 94 66 
 94 73 
 94 86 
 94 97 
 94 50 
 95 1 
 95 14 
 95 16 
 95 37 
 95 42 
 95 51 
 95 53 
 95 91 
 95 98 
 95 65 
 96 14 
 96 28 
 96 45 
 96 55 
 96 81 
 96 54 
 97 4 
 97 6 
 97 21 
 97 27 
 97 49 
 97 75 
 97 86 
 97 34 
 97 24 
 97 46 
 97 52 
 97 40 
 97 94 
 97 43 
 98 8 
 98 9 
 98 14 
 98 31 
 98 38 
 98 41 
 98 42 
 98 47 
 98 49 
 98 55 
 98 58 
 98 82 
 98 13 
 98 95 
 98 11 
 98 50 
 98 45 
 98 32 
 99 2 
 99 24 
 99 41 
 99 48 
 100 3 
 100 4 
 100 5 
 100 6 
 100 7 
 100 8 
 100 10 
 100 13 
 100 17 
 100 24 
 100 27 
 100 31 
 100 51 
 100 55 
 100 73 
 100 80 
