 100 1564
 1 54 
 1 6 
 1 13 
 1 19 
 1 36 
 1 41 
 1 4 
 1 85 
 1 63 
 1 83 
 1 52 
 1 70 
 1 14 
 1 34 
 1 44 
 1 50 
 1 73 
 1 31 
 2 76 
 2 11 
 2 34 
 2 100 
 2 95 
 2 63 
 2 70 
 2 20 
 2 50 
 2 91 
 2 90 
 2 35 
 2 26 
 2 28 
 2 30 
 2 65 
 2 77 
 2 79 
 2 83 
 2 13 
 3 49 
 3 16 
 3 71 
 3 94 
 3 19 
 3 67 
 3 81 
 3 91 
 3 87 
 3 6 
 3 32 
 3 54 
 3 21 
 3 15 
 3 47 
 3 88 
 3 38 
 3 61 
 3 13 
 3 31 
 3 33 
 3 43 
 3 80 
 3 85 
 4 1 
 4 29 
 4 5 
 4 56 
 4 53 
 4 19 
 4 87 
 4 25 
 4 9 
 4 76 
 4 14 
 4 78 
 4 99 
 4 48 
 4 50 
 4 55 
 4 33 
 4 63 
 4 85 
 4 22 
 4 7 
 4 18 
 4 28 
 4 31 
 5 4 
 5 28 
 5 79 
 5 74 
 5 37 
 5 70 
 5 12 
 5 47 
 5 57 
 5 87 
 5 39 
 5 97 
 5 48 
 5 25 
 5 15 
 5 36 
 5 49 
 5 72 
 5 75 
 5 92 
 5 99 
 5 61 
 6 1 
 6 3 
 6 48 
 6 38 
 6 35 
 6 39 
 6 57 
 6 59 
 6 61 
 6 68 
 6 71 
 6 28 
 7 58 
 7 100 
 7 24 
 7 66 
 7 48 
 7 32 
 7 67 
 7 75 
 7 54 
 7 74 
 7 86 
 7 4 
 7 25 
 7 28 
 7 20 
 7 34 
 7 49 
 7 50 
 7 63 
 7 68 
 7 71 
 7 77 
 7 80 
 7 95 
 8 60 
 8 33 
 8 88 
 8 48 
 8 51 
 8 86 
 8 36 
 8 100 
 8 26 
 8 59 
 8 65 
 8 68 
 9 4 
 9 26 
 9 21 
 9 48 
 9 81 
 9 28 
 9 10 
 9 19 
 9 32 
 9 37 
 9 40 
 9 44 
 9 59 
 9 80 
 9 92 
 9 64 
 10 9 
 10 76 
 10 29 
 10 54 
 10 33 
 10 59 
 10 19 
 10 56 
 10 23 
 10 94 
 10 60 
 10 75 
 10 38 
 10 80 
 10 16 
 10 67 
 10 26 
 10 63 
 10 83 
 11 2 
 11 76 
 11 18 
 11 26 
 11 32 
 11 43 
 11 45 
 11 67 
 11 71 
 11 84 
 11 92 
 11 99 
 12 5 
 12 34 
 12 60 
 12 91 
 12 49 
 12 56 
 12 14 
 12 46 
 12 26 
 12 51 
 12 16 
 12 29 
 12 43 
 12 57 
 12 59 
 12 89 
 13 1 
 13 21 
 13 18 
 13 57 
 13 56 
 13 3 
 13 40 
 13 55 
 13 69 
 13 95 
 13 90 
 13 58 
 13 92 
 13 70 
 13 54 
 13 83 
 13 34 
 13 45 
 13 63 
 13 2 
 14 4 
 14 12 
 14 76 
 14 33 
 14 35 
 14 73 
 14 64 
 14 26 
 14 71 
 14 90 
 14 1 
 14 44 
 14 31 
 14 79 
 14 18 
 14 39 
 14 29 
 14 32 
 14 41 
 14 42 
 14 43 
 14 85 
 14 99 
 14 68 
 15 3 
 15 52 
 15 17 
 15 61 
 15 5 
 15 28 
 15 77 
 15 67 
 15 82 
 15 78 
 15 86 
 15 25 
 15 23 
 15 31 
 15 30 
 15 39 
 15 40 
 15 79 
 16 3 
 16 10 
 16 30 
 16 89 
 16 79 
 16 47 
 16 57 
 16 67 
 16 60 
 16 83 
 16 41 
 16 24 
 16 12 
 16 99 
 16 27 
 16 88 
 16 87 
 16 35 
 16 97 
 16 51 
 16 39 
 16 68 
 17 15 
 17 50 
 17 72 
 17 90 
 17 73 
 17 98 
 17 55 
 17 94 
 17 51 
 17 62 
 17 22 
 17 30 
 17 40 
 17 46 
 17 49 
 17 56 
 17 67 
 17 100 
 18 13 
 18 14 
 18 85 
 18 44 
 18 94 
 18 4 
 18 96 
 18 51 
 18 83 
 18 87 
 18 99 
 18 98 
 18 33 
 18 53 
 18 45 
 18 30 
 18 11 
 18 23 
 18 69 
 18 52 
 18 29 
 18 68 
 18 77 
 18 81 
 19 1 
 19 3 
 19 4 
 19 10 
 19 9 
 19 30 
 19 29 
 19 63 
 20 2 
 20 38 
 20 28 
 20 7 
 20 74 
 20 98 
 20 100 
 20 56 
 20 91 
 20 43 
 20 36 
 20 42 
 20 68 
 20 79 
 20 85 
 20 95 
 21 3 
 21 9 
 21 13 
 21 22 
 21 28 
 21 29 
 21 50 
 21 67 
 21 79 
 21 85 
 21 92 
 21 93 
 22 4 
 22 48 
 22 28 
 22 49 
 22 60 
 22 89 
 22 21 
 22 17 
 22 70 
 22 25 
 22 81 
 22 30 
 22 27 
 22 36 
 22 39 
 22 43 
 22 51 
 22 72 
 22 85 
 22 90 
 23 10 
 23 15 
 23 18 
 23 26 
 23 81 
 23 57 
 23 41 
 23 63 
 24 7 
 24 16 
 24 75 
 24 70 
 24 88 
 24 77 
 24 33 
 24 39 
 24 43 
 24 65 
 24 67 
 24 84 
 25 4 
 25 5 
 25 7 
 25 15 
 25 22 
 25 63 
 25 40 
 25 28 
 25 31 
 25 35 
 25 57 
 25 59 
 25 61 
 25 74 
 25 75 
 25 66 
 26 9 
 26 12 
 26 14 
 26 23 
 26 63 
 26 10 
 26 75 
 26 76 
 26 2 
 26 11 
 26 8 
 26 52 
 26 65 
 26 60 
 26 39 
 26 33 
 26 29 
 26 32 
 26 71 
 26 73 
 27 16 
 27 40 
 27 22 
 27 64 
 27 32 
 27 29 
 27 44 
 27 49 
 27 73 
 27 89 
 27 92 
 27 99 
 28 5 
 28 7 
 28 9 
 28 15 
 28 20 
 28 22 
 28 25 
 28 96 
 28 4 
 28 2 
 28 87 
 28 21 
 28 44 
 28 35 
 28 41 
 28 42 
 28 61 
 28 6 
 29 4 
 29 10 
 29 27 
 29 14 
 29 21 
 29 97 
 29 26 
 29 90 
 29 66 
 29 76 
 29 18 
 29 94 
 29 12 
 29 19 
 29 42 
 29 44 
 29 63 
 29 68 
 29 79 
 29 100 
 30 16 
 30 18 
 30 19 
 30 22 
 30 80 
 30 79 
 30 2 
 30 15 
 30 78 
 30 59 
 30 17 
 30 64 
 30 37 
 30 100 
 31 14 
 31 15 
 31 55 
 31 32 
 31 61 
 31 54 
 31 3 
 31 25 
 31 4 
 31 84 
 31 66 
 31 91 
 31 35 
 31 52 
 31 40 
 31 78 
 31 86 
 31 97 
 31 33 
 31 34 
 31 75 
 31 79 
 31 92 
 31 1 
 32 3 
 32 7 
 32 27 
 32 31 
 32 9 
 32 77 
 32 76 
 32 11 
 32 26 
 32 14 
 32 99 
 32 68 
 32 98 
 32 51 
 32 40 
 32 42 
 32 59 
 32 70 
 32 95 
 32 84 
 33 4 
 33 8 
 33 10 
 33 14 
 33 18 
 33 26 
 33 90 
 33 24 
 33 3 
 33 31 
 33 78 
 33 49 
 33 36 
 33 43 
 33 80 
 33 99 
 34 2 
 34 12 
 34 89 
 34 44 
 34 7 
 34 62 
 34 31 
 34 98 
 34 13 
 34 1 
 34 43 
 34 57 
 34 68 
 34 72 
 35 2 
 35 14 
 35 16 
 35 28 
 35 31 
 35 44 
 35 25 
 35 88 
 35 97 
 35 49 
 35 67 
 35 98 
 35 85 
 35 55 
 35 43 
 35 92 
 35 65 
 35 87 
 35 6 
 35 40 
 35 61 
 35 80 
 35 83 
 35 93 
 36 1 
 36 8 
 36 59 
 36 33 
 36 22 
 36 53 
 36 42 
 36 5 
 36 76 
 36 67 
 36 95 
 36 20 
 36 74 
 36 81 
 36 90 
 36 99 
 37 5 
 37 38 
 37 30 
 37 58 
 37 82 
 37 9 
 37 44 
 37 45 
 37 77 
 37 90 
 38 3 
 38 6 
 38 10 
 38 20 
 38 37 
 38 57 
 39 5 
 39 14 
 39 26 
 39 41 
 39 24 
 39 44 
 39 94 
 39 60 
 39 53 
 39 81 
 39 93 
 39 48 
 39 22 
 39 95 
 39 97 
 39 88 
 39 15 
 39 66 
 39 16 
 39 6 
 39 45 
 39 59 
 39 72 
 39 92 
 39 99 
 39 57 
 40 13 
 40 25 
 40 27 
 40 31 
 40 35 
 40 9 
 40 32 
 40 72 
 40 17 
 40 49 
 40 15 
 40 95 
 40 56 
 40 67 
 40 41 
 40 81 
 41 1 
 41 16 
 41 39 
 41 40 
 41 14 
 41 73 
 41 23 
 41 95 
 41 28 
 41 42 
 41 57 
 41 71 
 41 80 
 41 81 
 41 83 
 41 90 
 42 36 
 42 94 
 42 41 
 42 86 
 42 14 
 42 29 
 42 32 
 42 68 
 42 82 
 42 28 
 42 54 
 42 20 
 42 72 
 42 64 
 42 50 
 42 95 
 43 20 
 43 35 
 43 82 
 43 88 
 43 12 
 43 97 
 43 34 
 43 24 
 43 98 
 43 87 
 43 84 
 43 49 
 43 92 
 43 33 
 43 14 
 43 22 
 43 3 
 43 11 
 43 76 
 43 45 
 43 77 
 43 95 
 44 14 
 44 18 
 44 28 
 44 34 
 44 35 
 44 39 
 44 99 
 44 51 
 44 1 
 44 80 
 44 85 
 44 27 
 44 9 
 44 91 
 44 29 
 44 58 
 44 86 
 44 37 
 44 92 
 44 49 
 44 61 
 44 79 
 44 89 
 44 93 
 45 18 
 45 43 
 45 39 
 45 11 
 45 13 
 45 82 
 45 73 
 45 88 
 45 49 
 45 37 
 45 46 
 45 65 
 45 63 
 45 77 
 46 12 
 46 45 
 46 76 
 46 61 
 46 93 
 46 91 
 46 79 
 46 66 
 46 53 
 46 47 
 46 96 
 46 17 
 46 50 
 46 72 
 46 83 
 46 84 
 46 97 
 46 77 
 47 3 
 47 5 
 47 16 
 47 46 
 47 49 
 47 59 
 47 65 
 47 71 
 47 79 
 47 83 
 48 4 
 48 5 
 48 6 
 48 7 
 48 8 
 48 9 
 48 22 
 48 39 
 48 68 
 48 80 
 48 85 
 48 98 
 49 3 
 49 12 
 49 22 
 49 33 
 49 35 
 49 40 
 49 43 
 49 45 
 49 84 
 49 47 
 49 5 
 49 44 
 49 79 
 49 7 
 49 17 
 49 53 
 49 66 
 49 80 
 49 81 
 49 27 
 49 50 
 49 61 
 49 68 
 49 72 
 50 2 
 50 4 
 50 17 
 50 57 
 50 53 
 50 96 
 50 7 
 50 42 
 50 67 
 50 21 
 50 100 
 50 60 
 50 49 
 50 46 
 50 69 
 50 99 
 50 66 
 50 1 
 50 77 
 50 81 
 51 8 
 51 12 
 51 16 
 51 17 
 51 18 
 51 32 
 51 44 
 51 84 
 51 75 
 51 22 
 51 97 
 51 68 
 51 77 
 51 99 
 52 1 
 52 15 
 52 18 
 52 26 
 52 31 
 52 57 
 52 64 
 52 77 
 53 4 
 53 18 
 53 36 
 53 39 
 53 46 
 53 49 
 53 50 
 53 67 
 53 72 
 53 93 
 54 1 
 54 3 
 54 7 
 54 10 
 54 13 
 54 31 
 54 42 
 54 56 
 54 81 
 54 85 
 54 93 
 54 69 
 55 4 
 55 13 
 55 17 
 55 31 
 55 35 
 55 59 
 55 81 
 55 85 
 56 4 
 56 10 
 56 12 
 56 13 
 56 20 
 56 40 
 56 17 
 56 54 
 56 74 
 56 90 
 56 93 
 56 100 
 57 5 
 57 13 
 57 16 
 57 23 
 57 50 
 57 85 
 57 75 
 57 6 
 57 38 
 57 34 
 57 88 
 57 52 
 57 12 
 57 41 
 57 94 
 57 96 
 57 58 
 57 25 
 57 81 
 57 84 
 57 100 
 57 39 
 58 7 
 58 13 
 58 37 
 58 44 
 58 57 
 58 61 
 58 64 
 58 65 
 58 71 
 58 74 
 59 10 
 59 30 
 59 36 
 59 75 
 59 55 
 59 9 
 59 78 
 59 39 
 59 74 
 59 12 
 59 63 
 59 95 
 59 8 
 59 25 
 59 6 
 59 47 
 59 32 
 59 90 
 59 72 
 59 73 
 59 81 
 60 8 
 60 10 
 60 12 
 60 16 
 60 22 
 60 26 
 60 39 
 60 50 
 60 73 
 60 99 
 61 3 
 61 15 
 61 31 
 61 46 
 61 35 
 61 62 
 61 44 
 61 28 
 61 91 
 61 58 
 61 25 
 61 97 
 61 49 
 61 6 
 61 63 
 61 84 
 61 89 
 61 5 
 62 17 
 62 34 
 62 61 
 62 99 
 63 1 
 63 2 
 63 4 
 63 25 
 63 26 
 63 59 
 63 45 
 63 67 
 63 7 
 63 98 
 63 86 
 63 61 
 63 87 
 63 64 
 63 13 
 63 23 
 63 69 
 63 19 
 63 10 
 63 29 
 63 71 
 63 83 
 64 14 
 64 27 
 64 30 
 64 42 
 64 63 
 64 94 
 64 52 
 64 87 
 64 58 
 64 67 
 64 75 
 64 9 
 65 26 
 65 35 
 65 45 
 65 47 
 65 24 
 65 81 
 65 66 
 65 68 
 65 80 
 65 2 
 65 71 
 65 8 
 65 97 
 65 58 
 65 74 
 65 84 
 65 92 
 65 99 
 66 7 
 66 29 
 66 31 
 66 39 
 66 46 
 66 49 
 66 50 
 66 65 
 66 67 
 66 71 
 66 92 
 66 25 
 67 3 
 67 7 
 67 10 
 67 15 
 67 16 
 67 35 
 67 36 
 67 40 
 67 50 
 67 63 
 67 64 
 67 11 
 67 53 
 67 66 
 67 83 
 67 21 
 67 17 
 67 24 
 67 85 
 67 90 
 67 97 
 67 93 
 68 32 
 68 42 
 68 65 
 68 83 
 68 99 
 68 34 
 68 49 
 68 16 
 68 48 
 68 20 
 68 75 
 68 18 
 68 29 
 68 51 
 68 97 
 68 7 
 68 6 
 68 8 
 68 77 
 68 14 
 69 13 
 69 18 
 69 50 
 69 63 
 69 71 
 69 74 
 69 92 
 69 54 
 70 1 
 70 2 
 70 5 
 70 13 
 70 22 
 70 24 
 70 32 
 70 73 
 70 81 
 70 83 
 70 92 
 70 88 
 71 3 
 71 14 
 71 65 
 71 63 
 71 84 
 71 26 
 71 7 
 71 58 
 71 6 
 71 66 
 71 69 
 71 47 
 71 11 
 71 72 
 71 93 
 71 41 
 72 17 
 72 40 
 72 42 
 72 71 
 72 39 
 72 93 
 72 84 
 72 53 
 72 22 
 72 46 
 72 59 
 72 34 
 72 5 
 72 49 
 72 91 
 72 77 
 72 89 
 72 90 
 73 14 
 73 17 
 73 41 
 73 45 
 73 70 
 73 59 
 73 98 
 73 27 
 73 80 
 73 60 
 73 26 
 73 1 
 74 5 
 74 7 
 74 20 
 74 59 
 74 90 
 74 36 
 74 58 
 74 25 
 74 56 
 74 83 
 74 65 
 74 69 
 74 77 
 74 80 
 75 7 
 75 10 
 75 24 
 75 26 
 75 51 
 75 57 
 75 59 
 75 68 
 75 31 
 75 5 
 75 64 
 75 25 
 75 79 
 75 84 
 76 2 
 76 4 
 76 10 
 76 11 
 76 14 
 76 26 
 76 29 
 76 32 
 76 36 
 76 43 
 76 46 
 76 78 
 77 15 
 77 24 
 77 32 
 77 72 
 77 45 
 77 43 
 77 18 
 77 68 
 77 51 
 77 50 
 77 2 
 77 90 
 77 74 
 77 7 
 77 52 
 77 91 
 77 37 
 77 92 
 77 81 
 77 89 
 77 99 
 77 46 
 78 4 
 78 15 
 78 30 
 78 31 
 78 33 
 78 59 
 78 84 
 78 76 
 79 5 
 79 14 
 79 16 
 79 30 
 79 46 
 79 49 
 79 75 
 79 2 
 79 47 
 79 20 
 79 29 
 79 15 
 79 21 
 79 44 
 79 31 
 79 89 
 80 10 
 80 30 
 80 44 
 80 49 
 80 65 
 80 73 
 80 48 
 80 35 
 80 92 
 80 41 
 80 33 
 80 3 
 80 9 
 80 7 
 80 100 
 80 74 
 81 3 
 81 9 
 81 22 
 81 23 
 81 39 
 81 49 
 81 65 
 81 55 
 81 41 
 81 18 
 81 59 
 81 36 
 81 70 
 81 57 
 81 77 
 81 88 
 81 83 
 81 40 
 81 54 
 81 50 
 82 15 
 82 37 
 82 42 
 82 43 
 82 45 
 82 86 
 83 1 
 83 13 
 83 16 
 83 18 
 83 67 
 83 68 
 83 74 
 83 81 
 83 41 
 83 35 
 83 47 
 83 10 
 83 2 
 83 70 
 83 87 
 83 46 
 83 97 
 83 63 
 84 31 
 84 43 
 84 49 
 84 51 
 84 71 
 84 72 
 84 65 
 84 46 
 84 11 
 84 57 
 84 87 
 84 90 
 84 24 
 84 78 
 84 61 
 84 75 
 84 100 
 84 32 
 85 1 
 85 4 
 85 18 
 85 35 
 85 44 
 85 57 
 85 22 
 85 67 
 85 95 
 85 48 
 85 55 
 85 20 
 85 14 
 85 21 
 85 54 
 85 3 
 86 7 
 86 8 
 86 15 
 86 31 
 86 42 
 86 44 
 86 63 
 86 82 
 87 3 
 87 4 
 87 5 
 87 16 
 87 18 
 87 28 
 87 35 
 87 43 
 87 63 
 87 64 
 87 83 
 87 84 
 87 99 
 87 100 
 88 3 
 88 8 
 88 16 
 88 24 
 88 35 
 88 39 
 88 43 
 88 45 
 88 57 
 88 81 
 88 90 
 88 70 
 89 16 
 89 22 
 89 34 
 89 79 
 89 44 
 89 72 
 89 77 
 89 27 
 89 61 
 89 12 
 90 2 
 90 13 
 90 14 
 90 17 
 90 29 
 90 33 
 90 59 
 90 74 
 90 77 
 90 84 
 90 36 
 90 22 
 90 67 
 90 72 
 90 41 
 90 37 
 90 56 
 90 88 
 90 92 
 90 93 
 91 2 
 91 3 
 91 12 
 91 20 
 91 31 
 91 44 
 91 46 
 91 61 
 91 72 
 91 77 
 92 13 
 92 35 
 92 43 
 92 44 
 92 77 
 92 80 
 92 69 
 92 27 
 92 21 
 92 9 
 92 11 
 92 70 
 92 5 
 92 66 
 92 90 
 92 65 
 92 39 
 92 31 
 93 39 
 93 46 
 93 71 
 93 72 
 93 44 
 93 56 
 93 53 
 93 90 
 93 95 
 93 54 
 93 21 
 93 35 
 93 100 
 93 67 
 94 3 
 94 10 
 94 17 
 94 18 
 94 29 
 94 39 
 94 42 
 94 57 
 94 64 
 94 96 
 95 2 
 95 13 
 95 36 
 95 39 
 95 40 
 95 41 
 95 59 
 95 85 
 95 93 
 95 42 
 95 32 
 95 20 
 95 7 
 95 43 
 96 18 
 96 28 
 96 46 
 96 50 
 96 57 
 96 94 
 97 5 
 97 16 
 97 29 
 97 31 
 97 35 
 97 39 
 97 43 
 97 51 
 97 61 
 97 65 
 97 68 
 97 46 
 97 67 
 97 83 
 98 17 
 98 18 
 98 20 
 98 32 
 98 34 
 98 35 
 98 43 
 98 63 
 98 73 
 98 48 
 99 4 
 99 16 
 99 18 
 99 32 
 99 44 
 99 50 
 99 68 
 99 36 
 99 65 
 99 51 
 99 60 
 99 11 
 99 77 
 99 14 
 99 33 
 99 5 
 99 87 
 99 27 
 99 39 
 99 62 
 100 2 
 100 7 
 100 8 
 100 20 
 100 50 
 100 30 
 100 84 
 100 56 
 100 29 
 100 80 
 100 57 
 100 17 
 100 87 
 100 93 
