 100 1596
 1 25 
 1 16 
 1 4 
 1 45 
 1 77 
 1 91 
 1 22 
 1 99 
 1 98 
 1 60 
 1 19 
 1 13 
 1 92 
 1 40 
 1 7 
 1 8 
 1 11 
 1 57 
 1 71 
 1 84 
 1 3 
 1 27 
 1 35 
 1 48 
 1 68 
 1 75 
 2 57 
 2 17 
 2 72 
 2 61 
 2 43 
 2 40 
 2 82 
 2 21 
 2 51 
 2 49 
 2 95 
 2 7 
 2 48 
 2 71 
 2 65 
 2 15 
 2 3 
 2 25 
 2 46 
 2 47 
 2 52 
 2 68 
 3 62 
 3 79 
 3 67 
 3 75 
 3 88 
 3 20 
 3 48 
 3 12 
 3 18 
 3 24 
 3 85 
 3 1 
 3 71 
 3 61 
 3 2 
 3 84 
 3 28 
 3 4 
 3 6 
 3 16 
 3 17 
 3 23 
 3 33 
 3 38 
 3 51 
 3 58 
 3 76 
 3 92 
 4 1 
 4 3 
 4 6 
 4 57 
 4 25 
 4 90 
 4 39 
 4 64 
 4 81 
 4 61 
 4 52 
 4 59 
 4 77 
 4 41 
 4 69 
 4 56 
 4 19 
 4 12 
 4 5 
 4 8 
 4 16 
 4 26 
 4 38 
 4 53 
 4 94 
 5 79 
 5 4 
 5 82 
 5 85 
 5 67 
 5 32 
 5 17 
 5 60 
 5 73 
 5 76 
 6 4 
 6 10 
 6 68 
 6 22 
 6 52 
 6 28 
 6 42 
 6 71 
 6 9 
 6 55 
 6 24 
 6 96 
 6 3 
 6 20 
 6 17 
 6 21 
 6 33 
 6 43 
 6 56 
 6 90 
 6 94 
 6 98 
 7 1 
 7 2 
 7 29 
 7 45 
 7 28 
 7 97 
 7 88 
 7 84 
 7 56 
 7 100 
 7 98 
 7 54 
 7 63 
 7 74 
 7 52 
 7 78 
 7 32 
 7 14 
 7 23 
 7 34 
 7 47 
 7 58 
 7 76 
 7 80 
 7 92 
 7 38 
 8 1 
 8 4 
 8 28 
 8 34 
 8 20 
 8 36 
 8 26 
 8 75 
 8 93 
 8 23 
 8 57 
 8 82 
 8 60 
 8 16 
 8 53 
 8 12 
 8 78 
 8 43 
 8 31 
 8 37 
 8 38 
 8 44 
 8 96 
 8 55 
 9 6 
 9 97 
 9 24 
 9 88 
 9 90 
 9 59 
 9 41 
 9 29 
 9 11 
 9 86 
 9 16 
 9 12 
 9 15 
 9 45 
 9 73 
 9 19 
 9 18 
 9 21 
 9 39 
 9 60 
 10 6 
 10 23 
 10 63 
 10 24 
 10 32 
 10 40 
 10 41 
 10 39 
 10 84 
 10 27 
 10 26 
 10 44 
 10 45 
 10 88 
 10 33 
 10 65 
 10 68 
 10 58 
 11 1 
 11 9 
 11 12 
 11 34 
 11 64 
 11 37 
 11 97 
 11 74 
 11 62 
 11 47 
 11 15 
 11 35 
 12 3 
 12 4 
 12 8 
 12 9 
 12 11 
 12 72 
 12 87 
 12 80 
 12 18 
 12 86 
 12 61 
 12 27 
 12 44 
 12 48 
 12 97 
 12 99 
 12 70 
 12 83 
 12 15 
 12 21 
 12 22 
 12 33 
 12 36 
 12 47 
 12 49 
 12 52 
 12 59 
 12 98 
 13 1 
 13 66 
 13 65 
 13 97 
 13 23 
 13 25 
 13 29 
 13 38 
 13 46 
 13 82 
 14 7 
 14 31 
 14 17 
 14 19 
 14 24 
 14 26 
 14 38 
 14 46 
 14 47 
 14 76 
 14 79 
 14 93 
 15 2 
 15 9 
 15 35 
 15 58 
 15 66 
 15 11 
 15 93 
 15 42 
 15 44 
 15 12 
 15 99 
 15 40 
 15 91 
 15 96 
 15 77 
 15 52 
 15 19 
 15 33 
 15 38 
 15 46 
 15 55 
 15 57 
 15 73 
 15 16 
 16 1 
 16 8 
 16 9 
 16 34 
 16 82 
 16 53 
 16 3 
 16 62 
 16 4 
 16 30 
 16 18 
 16 19 
 16 22 
 16 36 
 16 44 
 16 55 
 16 67 
 16 76 
 16 94 
 16 15 
 17 2 
 17 43 
 17 3 
 17 83 
 17 67 
 17 6 
 17 48 
 17 14 
 17 45 
 17 5 
 17 44 
 17 52 
 17 56 
 17 95 
 18 3 
 18 12 
 18 43 
 18 62 
 18 87 
 18 91 
 18 72 
 18 69 
 18 96 
 18 73 
 18 49 
 18 38 
 18 24 
 18 9 
 18 92 
 18 16 
 18 19 
 18 27 
 18 34 
 18 48 
 18 53 
 18 79 
 19 1 
 19 4 
 19 9 
 19 79 
 19 61 
 19 35 
 19 15 
 19 33 
 19 20 
 19 73 
 19 53 
 19 63 
 19 16 
 19 25 
 19 32 
 19 95 
 19 23 
 19 93 
 19 18 
 19 14 
 19 36 
 19 48 
 19 58 
 19 24 
 20 3 
 20 6 
 20 8 
 20 19 
 20 99 
 20 98 
 20 64 
 20 21 
 20 80 
 20 83 
 20 46 
 20 97 
 20 78 
 20 58 
 20 32 
 20 38 
 20 49 
 20 74 
 21 2 
 21 20 
 21 6 
 21 66 
 21 54 
 21 100 
 21 86 
 21 82 
 21 30 
 21 83 
 21 45 
 21 94 
 21 9 
 21 62 
 21 41 
 21 12 
 21 27 
 21 36 
 21 48 
 21 60 
 21 78 
 21 84 
 22 1 
 22 6 
 22 16 
 22 12 
 22 36 
 22 40 
 22 43 
 22 57 
 22 58 
 22 96 
 23 8 
 23 10 
 23 19 
 23 90 
 23 50 
 23 94 
 23 13 
 23 47 
 23 91 
 23 41 
 23 64 
 23 67 
 23 44 
 23 46 
 23 39 
 23 61 
 23 7 
 23 73 
 23 86 
 23 3 
 23 36 
 23 52 
 23 98 
 24 3 
 24 6 
 24 9 
 24 10 
 24 18 
 24 75 
 24 64 
 24 28 
 24 93 
 24 70 
 24 14 
 24 39 
 24 98 
 24 79 
 24 30 
 24 60 
 24 85 
 24 56 
 24 40 
 24 67 
 24 32 
 24 48 
 24 52 
 24 19 
 25 1 
 25 4 
 25 19 
 25 72 
 25 75 
 25 54 
 25 31 
 25 2 
 25 27 
 25 73 
 25 13 
 25 42 
 25 89 
 25 41 
 25 95 
 25 69 
 25 44 
 25 56 
 25 94 
 25 97 
 26 8 
 26 10 
 26 4 
 26 14 
 26 32 
 26 42 
 26 44 
 26 48 
 26 51 
 26 52 
 26 57 
 26 59 
 26 90 
 26 95 
 26 96 
 26 97 
 27 10 
 27 12 
 27 25 
 27 46 
 27 72 
 27 58 
 27 37 
 27 30 
 27 49 
 27 85 
 27 21 
 27 1 
 27 18 
 27 65 
 27 97 
 27 78 
 27 69 
 27 48 
 27 42 
 27 53 
 27 55 
 27 67 
 27 68 
 27 73 
 27 80 
 28 3 
 28 6 
 28 7 
 28 8 
 28 24 
 28 97 
 28 77 
 28 59 
 28 36 
 28 57 
 28 93 
 28 62 
 29 7 
 29 9 
 29 13 
 29 64 
 29 82 
 29 34 
 29 51 
 29 33 
 29 57 
 29 86 
 29 58 
 29 97 
 29 60 
 29 71 
 29 75 
 29 84 
 30 16 
 30 21 
 30 24 
 30 27 
 30 51 
 30 53 
 30 75 
 30 87 
 31 14 
 31 25 
 31 32 
 31 8 
 31 36 
 31 68 
 31 73 
 31 78 
 31 79 
 31 80 
 32 5 
 32 7 
 32 10 
 32 19 
 32 31 
 32 26 
 32 60 
 32 20 
 32 86 
 32 65 
 32 58 
 32 46 
 32 24 
 32 88 
 32 56 
 32 49 
 32 40 
 32 90 
 32 96 
 33 19 
 33 29 
 33 46 
 33 12 
 33 94 
 33 50 
 33 6 
 33 10 
 33 78 
 33 55 
 33 35 
 33 69 
 33 15 
 33 3 
 33 40 
 33 54 
 34 8 
 34 11 
 34 16 
 34 29 
 34 47 
 34 67 
 34 40 
 34 18 
 34 7 
 34 39 
 34 42 
 34 46 
 34 55 
 34 59 
 34 97 
 34 98 
 35 15 
 35 19 
 35 33 
 35 55 
 35 69 
 35 73 
 35 87 
 35 58 
 35 1 
 35 74 
 35 49 
 35 65 
 35 11 
 35 81 
 36 8 
 36 62 
 36 28 
 36 46 
 36 31 
 36 50 
 36 37 
 36 21 
 36 12 
 36 83 
 36 16 
 36 23 
 36 58 
 36 22 
 36 19 
 36 73 
 36 51 
 36 96 
 36 40 
 36 55 
 36 57 
 36 97 
 37 11 
 37 27 
 37 36 
 37 8 
 37 47 
 37 67 
 37 76 
 37 80 
 38 18 
 38 70 
 38 13 
 38 54 
 38 65 
 38 8 
 38 15 
 38 61 
 38 20 
 38 14 
 38 50 
 38 4 
 38 68 
 38 3 
 38 82 
 38 77 
 38 42 
 38 43 
 38 75 
 38 76 
 38 80 
 38 7 
 39 4 
 39 10 
 39 23 
 39 24 
 39 34 
 39 9 
 39 76 
 39 68 
 39 75 
 39 94 
 39 58 
 39 55 
 39 71 
 39 43 
 39 47 
 39 56 
 39 59 
 39 98 
 40 1 
 40 2 
 40 10 
 40 15 
 40 24 
 40 34 
 40 96 
 40 90 
 40 84 
 40 73 
 40 68 
 40 79 
 40 56 
 40 85 
 40 36 
 40 22 
 40 98 
 40 33 
 40 54 
 40 32 
 40 49 
 40 71 
 41 4 
 41 9 
 41 10 
 41 21 
 41 23 
 41 25 
 41 44 
 41 46 
 42 6 
 42 15 
 42 25 
 42 26 
 42 86 
 42 47 
 42 43 
 42 70 
 42 38 
 42 34 
 42 52 
 42 27 
 42 60 
 42 71 
 42 77 
 42 90 
 43 2 
 43 8 
 43 17 
 43 18 
 43 39 
 43 42 
 43 44 
 43 61 
 43 56 
 43 63 
 43 89 
 43 88 
 43 38 
 43 6 
 43 65 
 43 53 
 43 57 
 43 22 
 43 91 
 43 64 
 43 52 
 43 84 
 43 96 
 43 97 
 44 10 
 44 12 
 44 15 
 44 23 
 44 43 
 44 8 
 44 51 
 44 93 
 44 25 
 44 55 
 44 41 
 44 16 
 44 76 
 44 53 
 44 49 
 44 84 
 44 89 
 44 81 
 44 26 
 44 17 
 44 67 
 44 97 
 45 1 
 45 7 
 45 9 
 45 10 
 45 17 
 45 21 
 45 47 
 45 66 
 46 20 
 46 23 
 46 27 
 46 32 
 46 33 
 46 36 
 46 15 
 46 34 
 46 14 
 46 41 
 46 92 
 46 2 
 46 13 
 46 49 
 46 55 
 46 60 
 47 11 
 47 23 
 47 34 
 47 42 
 47 45 
 47 94 
 47 12 
 47 84 
 47 2 
 47 7 
 47 61 
 47 68 
 47 39 
 47 49 
 47 37 
 47 81 
 47 14 
 47 60 
 47 58 
 47 77 
 48 2 
 48 3 
 48 12 
 48 17 
 48 27 
 48 53 
 48 97 
 48 1 
 48 21 
 48 64 
 48 77 
 48 65 
 48 24 
 48 26 
 48 54 
 48 19 
 48 18 
 48 57 
 48 49 
 48 71 
 48 76 
 48 93 
 49 2 
 49 18 
 49 27 
 49 32 
 49 35 
 49 44 
 49 47 
 49 73 
 49 51 
 49 40 
 49 57 
 49 20 
 49 71 
 49 48 
 49 12 
 49 88 
 49 53 
 49 46 
 49 84 
 49 68 
 49 92 
 49 95 
 50 23 
 50 33 
 50 36 
 50 38 
 50 73 
 50 76 
 50 99 
 50 81 
 51 2 
 51 29 
 51 36 
 51 44 
 51 49 
 51 30 
 51 62 
 51 26 
 51 3 
 51 99 
 51 80 
 51 95 
 52 4 
 52 6 
 52 7 
 52 15 
 52 42 
 52 94 
 52 61 
 52 82 
 52 64 
 52 91 
 52 2 
 52 12 
 52 43 
 52 26 
 52 24 
 52 69 
 52 99 
 52 17 
 52 53 
 52 23 
 52 80 
 52 93 
 53 8 
 53 16 
 53 19 
 53 43 
 53 44 
 53 48 
 53 49 
 53 52 
 53 30 
 53 18 
 53 4 
 53 27 
 53 55 
 53 76 
 53 94 
 53 59 
 54 7 
 54 21 
 54 25 
 54 38 
 54 40 
 54 48 
 54 96 
 54 83 
 54 56 
 54 77 
 54 90 
 54 33 
 55 6 
 55 33 
 55 35 
 55 39 
 55 44 
 55 36 
 55 53 
 55 34 
 55 27 
 55 92 
 55 79 
 55 46 
 55 16 
 55 15 
 55 84 
 55 8 
 56 4 
 56 7 
 56 24 
 56 32 
 56 40 
 56 43 
 56 96 
 56 54 
 56 6 
 56 73 
 56 72 
 56 39 
 56 93 
 56 17 
 56 25 
 56 97 
 56 59 
 56 67 
 56 71 
 56 90 
 57 1 
 57 2 
 57 4 
 57 8 
 57 29 
 57 43 
 57 48 
 57 49 
 57 15 
 57 72 
 57 36 
 57 64 
 57 28 
 57 22 
 57 26 
 57 89 
 57 78 
 57 93 
 57 95 
 57 98 
 58 15 
 58 20 
 58 27 
 58 29 
 58 32 
 58 35 
 58 36 
 58 39 
 58 3 
 58 75 
 58 77 
 58 19 
 58 22 
 58 98 
 58 47 
 58 7 
 58 63 
 58 10 
 59 4 
 59 9 
 59 28 
 59 100 
 59 26 
 59 39 
 59 12 
 59 81 
 59 34 
 59 56 
 59 61 
 59 64 
 59 73 
 59 53 
 60 1 
 60 8 
 60 24 
 60 32 
 60 47 
 60 88 
 60 100 
 60 46 
 60 29 
 60 21 
 60 64 
 60 42 
 60 5 
 60 95 
 60 9 
 60 90 
 60 63 
 60 65 
 60 93 
 60 94 
 61 2 
 61 3 
 61 4 
 61 12 
 61 19 
 61 23 
 61 38 
 61 43 
 61 47 
 61 52 
 61 59 
 61 90 
 61 94 
 61 96 
 62 3 
 62 11 
 62 16 
 62 18 
 62 21 
 62 36 
 62 51 
 62 68 
 62 71 
 62 76 
 62 99 
 62 28 
 63 7 
 63 10 
 63 19 
 63 43 
 63 60 
 63 66 
 63 93 
 63 72 
 63 100 
 63 58 
 64 4 
 64 11 
 64 20 
 64 23 
 64 24 
 64 29 
 64 43 
 64 48 
 64 52 
 64 57 
 64 59 
 64 60 
 64 68 
 64 74 
 65 2 
 65 13 
 65 27 
 65 32 
 65 35 
 65 38 
 65 43 
 65 48 
 65 70 
 65 74 
 65 79 
 65 76 
 65 60 
 65 10 
 66 13 
 66 15 
 66 21 
 66 63 
 66 90 
 66 45 
 67 3 
 67 5 
 67 17 
 67 23 
 67 24 
 67 34 
 67 44 
 67 74 
 67 16 
 67 56 
 67 37 
 67 27 
 67 73 
 67 68 
 67 84 
 67 97 
 68 6 
 68 38 
 68 39 
 68 40 
 68 47 
 68 49 
 68 67 
 68 95 
 68 64 
 68 75 
 68 89 
 68 31 
 68 27 
 68 1 
 68 62 
 68 10 
 68 2 
 68 91 
 68 94 
 68 92 
 69 4 
 69 18 
 69 25 
 69 27 
 69 33 
 69 35 
 69 52 
 69 77 
 69 78 
 69 98 
 70 12 
 70 24 
 70 38 
 70 42 
 70 65 
 70 76 
 70 92 
 70 98 
 71 1 
 71 2 
 71 3 
 71 6 
 71 39 
 71 49 
 71 62 
 71 40 
 71 42 
 71 86 
 71 48 
 71 56 
 71 29 
 71 80 
 72 2 
 72 12 
 72 18 
 72 25 
 72 27 
 72 56 
 72 57 
 72 63 
 72 94 
 72 85 
 73 9 
 73 18 
 73 19 
 73 23 
 73 25 
 73 35 
 73 36 
 73 40 
 73 49 
 73 56 
 73 67 
 73 86 
 73 91 
 73 15 
 73 5 
 73 93 
 73 31 
 73 59 
 73 27 
 73 50 
 74 7 
 74 11 
 74 35 
 74 65 
 74 67 
 74 20 
 74 93 
 74 84 
 74 96 
 74 64 
 75 3 
 75 8 
 75 24 
 75 25 
 75 39 
 75 58 
 75 68 
 75 38 
 75 30 
 75 81 
 75 29 
 75 83 
 75 1 
 75 93 
 76 39 
 76 44 
 76 65 
 76 5 
 76 62 
 76 53 
 76 96 
 76 7 
 76 37 
 76 95 
 76 70 
 76 3 
 76 100 
 76 50 
 76 16 
 76 48 
 76 78 
 76 86 
 76 38 
 76 14 
 76 84 
 76 99 
 77 1 
 77 4 
 77 15 
 77 28 
 77 38 
 77 48 
 77 58 
 77 54 
 77 82 
 77 47 
 77 42 
 77 69 
 77 97 
 77 98 
 78 7 
 78 8 
 78 20 
 78 27 
 78 33 
 78 76 
 78 31 
 78 21 
 78 69 
 78 57 
 79 3 
 79 5 
 79 19 
 79 24 
 79 40 
 79 55 
 79 65 
 79 89 
 79 92 
 79 14 
 79 31 
 79 18 
 80 12 
 80 20 
 80 51 
 80 7 
 80 91 
 80 37 
 80 71 
 80 27 
 80 38 
 80 52 
 80 31 
 80 90 
 81 4 
 81 35 
 81 44 
 81 47 
 81 59 
 81 75 
 81 93 
 81 50 
 82 2 
 82 5 
 82 8 
 82 16 
 82 21 
 82 29 
 82 38 
 82 52 
 82 77 
 82 90 
 82 94 
 82 13 
 83 12 
 83 17 
 83 20 
 83 21 
 83 36 
 83 54 
 83 75 
 83 98 
 84 1 
 84 3 
 84 7 
 84 10 
 84 40 
 84 44 
 84 47 
 84 49 
 84 74 
 84 29 
 84 43 
 84 55 
 84 67 
 84 76 
 84 90 
 84 95 
 84 96 
 84 21 
 85 3 
 85 5 
 85 24 
 85 27 
 85 40 
 85 92 
 85 98 
 85 72 
 86 9 
 86 12 
 86 21 
 86 23 
 86 29 
 86 32 
 86 42 
 86 71 
 86 73 
 86 76 
 87 12 
 87 18 
 87 35 
 87 96 
 87 97 
 87 30 
 88 3 
 88 7 
 88 9 
 88 10 
 88 32 
 88 43 
 88 49 
 88 60 
 89 25 
 89 43 
 89 44 
 89 57 
 89 68 
 89 79 
 90 4 
 90 9 
 90 23 
 90 40 
 90 60 
 90 80 
 90 84 
 90 42 
 90 66 
 90 56 
 90 6 
 90 54 
 90 32 
 90 26 
 90 82 
 90 61 
 90 95 
 90 98 
 91 1 
 91 15 
 91 18 
 91 23 
 91 43 
 91 52 
 91 68 
 91 73 
 91 80 
 91 98 
 92 1 
 92 18 
 92 46 
 92 55 
 92 79 
 92 68 
 92 70 
 92 3 
 92 85 
 92 49 
 92 96 
 92 7 
 92 97 
 92 99 
 93 8 
 93 15 
 93 19 
 93 24 
 93 44 
 93 56 
 93 63 
 93 73 
 93 74 
 93 52 
 93 75 
 93 28 
 93 14 
 93 57 
 93 60 
 93 81 
 93 95 
 93 48 
 94 21 
 94 23 
 94 33 
 94 39 
 94 47 
 94 52 
 94 68 
 94 4 
 94 16 
 94 61 
 94 82 
 94 25 
 94 6 
 94 72 
 94 53 
 94 60 
 95 2 
 95 19 
 95 25 
 95 60 
 95 68 
 95 76 
 95 84 
 95 26 
 95 17 
 95 90 
 95 93 
 95 57 
 95 51 
 95 49 
 96 6 
 96 15 
 96 18 
 96 36 
 96 40 
 96 54 
 96 56 
 96 76 
 96 92 
 96 22 
 96 74 
 96 43 
 96 32 
 96 84 
 96 26 
 96 8 
 96 87 
 96 61 
 97 7 
 97 9 
 97 11 
 97 12 
 97 13 
 97 20 
 97 27 
 97 28 
 97 29 
 97 48 
 97 56 
 97 26 
 97 25 
 97 67 
 97 87 
 97 44 
 97 77 
 97 43 
 97 34 
 97 92 
 97 98 
 97 36 
 98 1 
 98 7 
 98 20 
 98 24 
 98 40 
 98 58 
 98 12 
 98 39 
 98 70 
 98 77 
 98 91 
 98 90 
 98 97 
 98 6 
 98 69 
 98 34 
 98 23 
 98 85 
 98 83 
 98 57 
 99 1 
 99 12 
 99 15 
 99 20 
 99 51 
 99 52 
 99 50 
 99 62 
 99 76 
 99 92 
 100 7 
 100 21 
 100 59 
 100 60 
 100 63 
 100 76 
