 100 1456
 1 92 
 1 80 
 1 49 
 1 67 
 1 66 
 1 19 
 1 56 
 1 90 
 1 46 
 1 12 
 1 26 
 1 28 
 2 40 
 2 73 
 2 23 
 2 82 
 2 25 
 2 15 
 2 77 
 2 27 
 2 54 
 2 87 
 2 60 
 2 8 
 2 42 
 2 26 
 2 5 
 2 12 
 2 32 
 2 41 
 2 53 
 2 66 
 2 72 
 2 88 
 3 19 
 3 34 
 3 48 
 3 54 
 3 23 
 3 92 
 3 39 
 3 50 
 3 71 
 3 64 
 3 10 
 3 44 
 4 94 
 4 76 
 4 33 
 4 49 
 4 95 
 4 66 
 4 7 
 4 10 
 4 16 
 4 19 
 4 39 
 4 62 
 4 83 
 4 55 
 5 2 
 5 94 
 5 29 
 5 20 
 5 28 
 5 34 
 5 49 
 5 62 
 5 77 
 5 93 
 6 64 
 6 72 
 6 26 
 6 80 
 6 78 
 6 67 
 6 46 
 6 99 
 6 33 
 6 29 
 6 53 
 6 21 
 6 95 
 6 94 
 6 27 
 6 52 
 6 96 
 6 59 
 6 30 
 6 38 
 6 76 
 6 85 
 6 86 
 6 16 
 7 92 
 7 87 
 7 24 
 7 4 
 7 82 
 7 31 
 7 25 
 7 28 
 7 54 
 7 77 
 7 85 
 7 88 
 8 2 
 8 60 
 8 57 
 8 95 
 8 28 
 8 23 
 8 52 
 8 29 
 8 47 
 8 36 
 8 58 
 8 64 
 8 14 
 8 45 
 8 73 
 8 76 
 8 30 
 8 93 
 8 12 
 8 53 
 8 79 
 8 34 
 9 50 
 9 42 
 9 95 
 9 77 
 9 16 
 9 21 
 9 23 
 9 26 
 9 51 
 9 88 
 10 40 
 10 77 
 10 39 
 10 69 
 10 53 
 10 4 
 10 61 
 10 68 
 10 71 
 10 49 
 10 3 
 10 54 
 10 36 
 10 23 
 10 67 
 10 45 
 10 11 
 10 12 
 10 30 
 10 33 
 10 35 
 10 73 
 10 86 
 10 51 
 11 10 
 11 34 
 11 33 
 11 24 
 11 39 
 11 48 
 11 12 
 11 18 
 11 35 
 11 49 
 11 76 
 11 82 
 11 85 
 11 77 
 12 69 
 12 27 
 12 86 
 12 89 
 12 75 
 12 88 
 12 2 
 12 97 
 12 1 
 12 77 
 12 42 
 12 10 
 12 81 
 12 8 
 12 87 
 12 56 
 12 91 
 12 90 
 12 11 
 12 61 
 12 35 
 12 37 
 12 39 
 12 44 
 12 47 
 12 51 
 12 53 
 12 49 
 13 16 
 13 28 
 13 69 
 13 97 
 13 53 
 13 94 
 13 80 
 13 21 
 13 78 
 13 33 
 13 15 
 13 85 
 13 65 
 13 83 
 13 20 
 13 31 
 13 32 
 13 66 
 13 68 
 13 45 
 14 8 
 14 45 
 14 22 
 14 48 
 14 15 
 14 97 
 14 41 
 14 56 
 14 25 
 14 39 
 14 47 
 14 86 
 15 2 
 15 13 
 15 14 
 15 16 
 15 49 
 15 62 
 15 87 
 15 90 
 16 13 
 16 48 
 16 64 
 16 15 
 16 4 
 16 88 
 16 9 
 16 83 
 16 56 
 16 81 
 16 24 
 16 50 
 16 66 
 16 18 
 16 67 
 16 40 
 16 73 
 16 38 
 16 100 
 16 86 
 16 22 
 16 31 
 16 35 
 16 41 
 16 57 
 16 6 
 17 42 
 17 40 
 17 98 
 17 77 
 17 35 
 17 85 
 17 25 
 17 95 
 17 21 
 17 43 
 17 86 
 17 91 
 18 16 
 18 21 
 18 75 
 18 68 
 18 11 
 18 57 
 18 72 
 18 47 
 18 70 
 18 22 
 18 30 
 18 43 
 18 45 
 18 76 
 19 1 
 19 3 
 19 62 
 19 4 
 19 25 
 19 28 
 19 53 
 19 76 
 19 97 
 19 58 
 20 5 
 20 13 
 20 30 
 20 72 
 20 91 
 20 100 
 20 21 
 20 37 
 20 47 
 20 62 
 20 84 
 20 92 
 20 93 
 20 71 
 21 6 
 21 13 
 21 18 
 21 95 
 21 17 
 21 9 
 21 52 
 21 51 
 21 29 
 21 53 
 21 22 
 21 42 
 21 81 
 21 20 
 21 56 
 21 84 
 21 100 
 21 86 
 22 14 
 22 18 
 22 21 
 22 57 
 22 50 
 22 94 
 22 54 
 22 35 
 22 16 
 22 32 
 22 40 
 22 99 
 22 23 
 22 37 
 22 38 
 22 71 
 23 2 
 23 3 
 23 8 
 23 10 
 23 59 
 23 42 
 23 47 
 23 41 
 23 22 
 23 71 
 23 9 
 23 87 
 23 38 
 23 39 
 23 43 
 23 56 
 23 62 
 23 65 
 23 88 
 23 94 
 24 7 
 24 11 
 24 16 
 24 100 
 24 39 
 24 55 
 24 84 
 24 52 
 24 62 
 24 70 
 24 85 
 24 93 
 24 96 
 25 2 
 25 17 
 25 14 
 25 68 
 25 27 
 25 36 
 25 85 
 25 19 
 25 58 
 25 99 
 25 47 
 25 37 
 25 80 
 25 87 
 25 7 
 25 26 
 25 28 
 25 30 
 25 43 
 25 62 
 25 66 
 25 100 
 26 2 
 26 6 
 26 35 
 26 87 
 26 27 
 26 84 
 26 9 
 26 58 
 26 29 
 26 60 
 26 25 
 26 99 
 26 1 
 26 37 
 26 63 
 26 79 
 26 89 
 26 38 
 26 42 
 26 53 
 27 2 
 27 6 
 27 12 
 27 25 
 27 26 
 27 82 
 27 32 
 27 39 
 27 67 
 27 77 
 27 85 
 27 97 
 28 8 
 28 13 
 28 70 
 28 89 
 28 25 
 28 19 
 28 7 
 28 88 
 28 61 
 28 51 
 28 1 
 28 31 
 28 83 
 28 85 
 28 5 
 28 74 
 28 38 
 28 41 
 28 53 
 28 54 
 28 62 
 28 67 
 29 5 
 29 6 
 29 8 
 29 21 
 29 26 
 29 72 
 29 81 
 29 86 
 29 89 
 29 70 
 29 100 
 29 91 
 30 8 
 30 20 
 30 62 
 30 81 
 30 52 
 30 10 
 30 42 
 30 40 
 30 6 
 30 79 
 30 59 
 30 25 
 30 95 
 30 18 
 30 41 
 30 97 
 31 7 
 31 28 
 31 16 
 31 68 
 31 80 
 31 13 
 31 46 
 31 40 
 31 71 
 31 59 
 31 36 
 31 93 
 31 97 
 31 76 
 31 47 
 31 88 
 31 49 
 31 62 
 31 82 
 32 22 
 32 47 
 32 2 
 32 13 
 32 81 
 32 41 
 32 27 
 32 73 
 32 72 
 32 45 
 32 92 
 32 94 
 32 37 
 32 87 
 32 100 
 32 53 
 33 4 
 33 6 
 33 11 
 33 13 
 33 92 
 33 10 
 33 49 
 33 53 
 33 62 
 33 91 
 34 3 
 34 11 
 34 56 
 34 5 
 34 37 
 34 99 
 34 69 
 34 80 
 34 47 
 34 73 
 34 82 
 34 92 
 34 96 
 34 8 
 35 17 
 35 22 
 35 26 
 35 75 
 35 62 
 35 70 
 35 60 
 35 81 
 35 16 
 35 12 
 35 73 
 35 98 
 35 11 
 35 84 
 35 10 
 35 46 
 35 37 
 35 39 
 35 40 
 35 41 
 35 67 
 35 91 
 36 8 
 36 10 
 36 25 
 36 31 
 36 37 
 36 62 
 36 45 
 36 56 
 36 74 
 36 77 
 36 86 
 36 89 
 37 25 
 37 26 
 37 34 
 37 36 
 37 41 
 37 20 
 37 12 
 37 39 
 37 32 
 37 98 
 37 68 
 37 51 
 37 62 
 37 35 
 37 81 
 37 99 
 37 65 
 37 22 
 37 67 
 37 96 
 38 16 
 38 65 
 38 85 
 38 46 
 38 23 
 38 94 
 38 6 
 38 28 
 38 100 
 38 63 
 38 22 
 38 26 
 38 45 
 38 40 
 38 53 
 38 57 
 39 3 
 39 10 
 39 11 
 39 24 
 39 37 
 39 12 
 39 84 
 39 27 
 39 54 
 39 90 
 39 58 
 39 47 
 39 4 
 39 96 
 39 35 
 39 48 
 39 73 
 39 41 
 39 14 
 39 23 
 39 91 
 39 56 
 40 2 
 40 10 
 40 16 
 40 17 
 40 22 
 40 30 
 40 31 
 40 38 
 40 35 
 40 55 
 40 47 
 40 57 
 40 72 
 40 87 
 41 14 
 41 23 
 41 32 
 41 37 
 41 39 
 41 42 
 41 35 
 41 92 
 41 30 
 41 28 
 41 77 
 41 16 
 41 65 
 41 52 
 41 73 
 41 57 
 41 81 
 41 75 
 41 62 
 41 2 
 41 44 
 41 55 
 42 2 
 42 9 
 42 12 
 42 17 
 42 21 
 42 23 
 42 30 
 42 41 
 42 57 
 42 49 
 42 26 
 42 89 
 42 43 
 42 45 
 42 72 
 42 76 
 42 84 
 42 91 
 43 78 
 43 60 
 43 25 
 43 61 
 43 17 
 43 54 
 43 42 
 43 23 
 43 89 
 43 68 
 43 99 
 43 48 
 43 18 
 43 96 
 43 55 
 43 67 
 43 83 
 43 100 
 44 66 
 44 87 
 44 94 
 44 3 
 44 98 
 44 85 
 44 76 
 44 89 
 44 12 
 44 75 
 44 41 
 44 71 
 44 45 
 44 81 
 44 55 
 44 86 
 45 8 
 45 10 
 45 14 
 45 32 
 45 38 
 45 44 
 45 71 
 45 42 
 45 67 
 45 96 
 45 18 
 45 84 
 45 90 
 45 88 
 45 36 
 45 79 
 45 91 
 45 13 
 46 1 
 46 6 
 46 31 
 46 35 
 46 38 
 46 67 
 46 84 
 46 91 
 47 8 
 47 18 
 47 23 
 47 25 
 47 31 
 47 32 
 47 39 
 47 12 
 47 89 
 47 20 
 47 34 
 47 73 
 47 40 
 47 86 
 47 99 
 47 14 
 47 67 
 47 76 
 47 79 
 47 84 
 48 3 
 48 11 
 48 14 
 48 16 
 48 39 
 48 43 
 48 67 
 48 88 
 49 1 
 49 4 
 49 10 
 49 42 
 49 65 
 49 11 
 49 58 
 49 5 
 49 75 
 49 94 
 49 64 
 49 96 
 49 33 
 49 15 
 49 61 
 49 31 
 49 86 
 49 12 
 50 3 
 50 9 
 50 16 
 50 22 
 50 74 
 50 92 
 51 21 
 51 28 
 51 37 
 51 98 
 51 76 
 51 9 
 51 12 
 51 95 
 51 56 
 51 77 
 51 86 
 51 92 
 51 97 
 51 10 
 52 6 
 52 8 
 52 21 
 52 24 
 52 30 
 52 41 
 52 99 
 52 90 
 52 76 
 52 84 
 53 6 
 53 10 
 53 13 
 53 21 
 53 91 
 53 33 
 53 63 
 53 8 
 53 38 
 53 95 
 53 19 
 53 26 
 53 82 
 53 73 
 53 28 
 53 12 
 53 2 
 53 86 
 53 55 
 53 87 
 53 92 
 53 32 
 54 2 
 54 3 
 54 10 
 54 22 
 54 39 
 54 43 
 54 28 
 54 7 
 54 65 
 54 85 
 54 94 
 54 97 
 54 100 
 54 60 
 55 24 
 55 40 
 55 43 
 55 53 
 55 41 
 55 44 
 55 62 
 55 75 
 55 79 
 55 86 
 55 96 
 55 4 
 56 1 
 56 12 
 56 14 
 56 16 
 56 34 
 56 23 
 56 85 
 56 51 
 56 95 
 56 21 
 56 96 
 56 81 
 56 36 
 56 67 
 56 94 
 56 39 
 57 8 
 57 18 
 57 22 
 57 41 
 57 42 
 57 74 
 57 67 
 57 100 
 57 38 
 57 81 
 57 16 
 57 40 
 57 65 
 57 82 
 58 8 
 58 25 
 58 26 
 58 39 
 58 49 
 58 73 
 58 95 
 58 19 
 59 6 
 59 23 
 59 30 
 59 31 
 59 85 
 59 97 
 60 2 
 60 8 
 60 26 
 60 35 
 60 43 
 60 62 
 60 79 
 60 82 
 60 86 
 60 92 
 60 94 
 60 54 
 61 10 
 61 12 
 61 28 
 61 43 
 61 49 
 61 63 
 62 19 
 62 30 
 62 35 
 62 36 
 62 37 
 62 41 
 62 23 
 62 78 
 62 20 
 62 4 
 62 55 
 62 25 
 62 33 
 62 15 
 62 5 
 62 31 
 62 60 
 62 28 
 62 80 
 62 24 
 62 71 
 62 81 
 63 26 
 63 38 
 63 53 
 63 61 
 64 3 
 64 6 
 64 8 
 64 16 
 64 49 
 64 97 
 65 13 
 65 37 
 65 38 
 65 41 
 65 49 
 65 54 
 65 23 
 65 98 
 65 57 
 65 99 
 65 67 
 65 91 
 66 1 
 66 4 
 66 16 
 66 44 
 66 2 
 66 25 
 66 96 
 66 13 
 66 86 
 66 91 
 66 92 
 66 98 
 67 1 
 67 6 
 67 10 
 67 16 
 67 43 
 67 45 
 67 56 
 67 57 
 67 80 
 67 28 
 67 27 
 67 37 
 67 85 
 67 65 
 67 47 
 67 46 
 67 35 
 67 48 
 67 70 
 67 96 
 67 97 
 68 10 
 68 18 
 68 25 
 68 31 
 68 37 
 68 43 
 68 98 
 68 13 
 68 95 
 68 74 
 69 10 
 69 12 
 69 13 
 69 34 
 69 86 
 69 78 
 70 18 
 70 28 
 70 29 
 70 35 
 70 24 
 70 91 
 70 96 
 70 67 
 70 73 
 70 93 
 71 3 
 71 10 
 71 23 
 71 31 
 71 44 
 71 45 
 71 90 
 71 22 
 71 89 
 71 62 
 71 79 
 71 82 
 71 87 
 71 20 
 72 6 
 72 18 
 72 20 
 72 29 
 72 32 
 72 81 
 72 73 
 72 42 
 72 40 
 72 95 
 72 98 
 72 2 
 73 2 
 73 8 
 73 16 
 73 32 
 73 35 
 73 39 
 73 41 
 73 47 
 73 53 
 73 72 
 73 10 
 73 85 
 73 80 
 73 70 
 73 88 
 73 58 
 73 99 
 73 79 
 73 93 
 73 34 
 73 82 
 73 100 
 74 28 
 74 57 
 74 36 
 74 50 
 74 77 
 74 85 
 74 86 
 74 68 
 75 12 
 75 18 
 75 35 
 75 41 
 75 44 
 75 49 
 75 55 
 75 78 
 75 76 
 75 88 
 76 4 
 76 8 
 76 31 
 76 44 
 76 51 
 76 95 
 76 11 
 76 47 
 76 18 
 76 79 
 76 42 
 76 99 
 76 83 
 76 19 
 76 75 
 76 52 
 76 6 
 76 91 
 77 2 
 77 9 
 77 10 
 77 12 
 77 17 
 77 41 
 77 36 
 77 5 
 77 51 
 77 27 
 77 82 
 77 7 
 77 74 
 77 100 
 77 91 
 77 11 
 78 6 
 78 13 
 78 43 
 78 62 
 78 75 
 78 69 
 79 26 
 79 30 
 79 45 
 79 73 
 79 76 
 79 85 
 79 71 
 79 47 
 79 55 
 79 83 
 79 60 
 79 8 
 79 84 
 79 94 
 80 1 
 80 6 
 80 13 
 80 25 
 80 31 
 80 34 
 80 62 
 80 67 
 80 73 
 80 91 
 81 12 
 81 16 
 81 21 
 81 29 
 81 30 
 81 32 
 81 35 
 81 37 
 81 41 
 81 44 
 81 56 
 81 57 
 81 72 
 81 89 
 81 97 
 81 62 
 82 2 
 82 7 
 82 27 
 82 53 
 82 77 
 82 31 
 82 34 
 82 71 
 82 11 
 82 73 
 82 93 
 82 60 
 82 100 
 82 57 
 83 13 
 83 16 
 83 28 
 83 76 
 83 79 
 83 85 
 83 43 
 83 4 
 83 86 
 83 91 
 84 24 
 84 26 
 84 35 
 84 39 
 84 45 
 84 79 
 84 46 
 84 47 
 84 20 
 84 52 
 84 42 
 84 21 
 85 13 
 85 17 
 85 25 
 85 28 
 85 38 
 85 44 
 85 56 
 85 67 
 85 73 
 85 79 
 85 83 
 85 74 
 85 11 
 85 27 
 85 59 
 85 54 
 85 24 
 85 6 
 85 7 
 85 91 
 86 12 
 86 16 
 86 29 
 86 47 
 86 53 
 86 6 
 86 55 
 86 17 
 86 10 
 86 69 
 86 44 
 86 60 
 86 49 
 86 36 
 86 14 
 86 74 
 86 93 
 86 51 
 86 83 
 86 66 
 86 96 
 86 21 
 87 2 
 87 7 
 87 12 
 87 23 
 87 25 
 87 26 
 87 44 
 87 53 
 87 15 
 87 32 
 87 40 
 87 71 
 88 12 
 88 16 
 88 28 
 88 31 
 88 45 
 88 73 
 88 48 
 88 97 
 88 7 
 88 23 
 88 75 
 88 9 
 88 89 
 88 2 
 89 12 
 89 26 
 89 28 
 89 29 
 89 42 
 89 43 
 89 44 
 89 47 
 89 71 
 89 81 
 89 88 
 89 36 
 90 1 
 90 12 
 90 39 
 90 45 
 90 52 
 90 71 
 90 92 
 90 15 
 91 12 
 91 20 
 91 53 
 91 70 
 91 33 
 91 77 
 91 100 
 91 42 
 91 45 
 91 65 
 91 39 
 91 17 
 91 35 
 91 29 
 91 46 
 91 83 
 91 66 
 91 85 
 91 76 
 91 80 
 92 1 
 92 3 
 92 7 
 92 32 
 92 33 
 92 41 
 92 53 
 92 34 
 92 50 
 92 20 
 92 66 
 92 90 
 92 60 
 92 51 
 93 8 
 93 31 
 93 73 
 93 82 
 93 86 
 93 5 
 93 20 
 93 24 
 93 100 
 93 70 
 94 4 
 94 5 
 94 6 
 94 13 
 94 22 
 94 32 
 94 38 
 94 44 
 94 49 
 94 56 
 94 54 
 94 60 
 94 23 
 94 79 
 95 4 
 95 6 
 95 8 
 95 9 
 95 17 
 95 21 
 95 30 
 95 51 
 95 53 
 95 56 
 95 72 
 95 76 
 95 68 
 95 58 
 96 6 
 96 39 
 96 43 
 96 45 
 96 49 
 96 56 
 96 66 
 96 70 
 96 67 
 96 55 
 96 34 
 96 24 
 96 86 
 96 37 
 97 12 
 97 13 
 97 14 
 97 31 
 97 88 
 97 19 
 97 81 
 97 59 
 97 30 
 97 51 
 97 67 
 97 64 
 97 54 
 97 27 
 97 100 
 98 17 
 98 35 
 98 37 
 98 44 
 98 51 
 98 65 
 98 68 
 98 72 
 98 100 
 98 66 
 99 6 
 99 22 
 99 25 
 99 26 
 99 34 
 99 37 
 99 43 
 99 47 
 99 52 
 99 65 
 99 73 
 99 76 
 100 16 
 100 20 
 100 24 
 100 29 
 100 38 
 100 57 
 100 77 
 100 91 
 100 93 
 100 97 
 100 54 
 100 73 
 100 21 
 100 43 
 100 32 
 100 25 
 100 82 
 100 98 
