 100 1540
 1 83 
 1 34 
 1 78 
 1 79 
 1 36 
 1 93 
 1 67 
 1 30 
 1 54 
 1 19 
 1 56 
 1 94 
 1 75 
 1 16 
 1 41 
 1 2 
 1 72 
 1 24 
 1 6 
 1 43 
 1 47 
 1 59 
 1 95 
 1 57 
 2 1 
 2 100 
 2 33 
 2 75 
 2 17 
 2 3 
 2 4 
 2 8 
 2 81 
 2 91 
 2 63 
 2 29 
 2 98 
 2 39 
 2 51 
 2 58 
 2 6 
 2 10 
 2 16 
 2 18 
 2 25 
 2 38 
 2 47 
 2 59 
 2 62 
 2 76 
 2 87 
 2 90 
 2 95 
 2 77 
 3 2 
 3 57 
 3 37 
 3 95 
 3 51 
 3 4 
 3 85 
 3 87 
 3 59 
 3 49 
 3 71 
 3 80 
 3 9 
 3 14 
 3 21 
 3 32 
 3 39 
 3 47 
 3 98 
 3 25 
 4 2 
 4 3 
 4 89 
 4 18 
 4 53 
 4 29 
 4 70 
 4 38 
 4 14 
 4 74 
 4 87 
 4 83 
 4 44 
 4 49 
 4 77 
 4 15 
 4 8 
 4 16 
 4 27 
 4 31 
 4 39 
 4 46 
 4 47 
 4 56 
 4 59 
 4 64 
 4 67 
 4 72 
 5 51 
 5 52 
 5 7 
 5 29 
 5 17 
 5 78 
 5 15 
 5 33 
 5 39 
 5 99 
 5 41 
 5 54 
 5 30 
 5 40 
 5 10 
 5 34 
 5 49 
 5 59 
 5 84 
 5 86 
 6 35 
 6 70 
 6 26 
 6 2 
 6 13 
 6 1 
 6 86 
 6 98 
 6 57 
 6 88 
 6 11 
 6 45 
 6 43 
 6 49 
 6 55 
 6 56 
 6 96 
 6 64 
 7 5 
 7 37 
 7 30 
 7 46 
 7 73 
 7 29 
 7 76 
 7 31 
 7 51 
 7 55 
 7 99 
 7 26 
 7 13 
 7 33 
 7 34 
 7 48 
 7 49 
 7 57 
 7 67 
 7 80 
 8 2 
 8 67 
 8 50 
 8 24 
 8 37 
 8 30 
 8 79 
 8 40 
 8 88 
 8 58 
 8 69 
 8 100 
 8 4 
 8 12 
 8 41 
 8 56 
 8 59 
 8 70 
 9 46 
 9 3 
 9 27 
 9 94 
 9 66 
 9 30 
 9 42 
 9 40 
 9 25 
 9 62 
 9 31 
 9 69 
 9 10 
 9 19 
 9 29 
 9 48 
 9 83 
 9 86 
 9 96 
 9 98 
 10 23 
 10 5 
 10 35 
 10 58 
 10 2 
 10 76 
 10 22 
 10 54 
 10 25 
 10 24 
 10 21 
 10 48 
 10 9 
 10 71 
 10 26 
 10 33 
 10 88 
 10 93 
 11 6 
 11 24 
 11 15 
 11 27 
 11 29 
 11 48 
 11 52 
 11 53 
 12 8 
 12 53 
 12 56 
 12 34 
 12 78 
 12 50 
 12 36 
 12 41 
 12 84 
 12 69 
 12 63 
 12 82 
 12 35 
 12 47 
 12 52 
 12 62 
 12 83 
 12 93 
 12 95 
 12 19 
 13 6 
 13 45 
 13 91 
 13 36 
 13 97 
 13 57 
 13 62 
 13 65 
 13 38 
 13 7 
 13 27 
 13 98 
 13 20 
 13 30 
 13 63 
 13 67 
 14 4 
 14 41 
 14 3 
 14 78 
 14 20 
 14 77 
 14 63 
 14 40 
 14 19 
 14 21 
 14 22 
 14 36 
 14 48 
 14 57 
 15 4 
 15 5 
 15 69 
 15 78 
 15 87 
 15 76 
 15 35 
 15 28 
 15 29 
 15 86 
 15 44 
 15 58 
 15 27 
 15 32 
 15 11 
 15 85 
 15 95 
 15 100 
 15 80 
 15 73 
 15 24 
 15 40 
 15 43 
 15 56 
 15 57 
 15 70 
 15 72 
 15 17 
 16 1 
 16 76 
 16 30 
 16 99 
 16 52 
 16 46 
 16 2 
 16 45 
 16 77 
 16 20 
 16 28 
 16 27 
 16 4 
 16 95 
 16 19 
 16 41 
 16 49 
 16 50 
 16 53 
 16 56 
 16 57 
 16 64 
 16 72 
 16 24 
 17 2 
 17 5 
 17 94 
 17 43 
 17 42 
 17 27 
 17 87 
 17 20 
 17 53 
 17 41 
 17 18 
 17 19 
 17 85 
 17 55 
 17 46 
 17 37 
 17 21 
 17 25 
 17 56 
 17 15 
 18 4 
 18 17 
 18 48 
 18 45 
 18 86 
 18 2 
 18 22 
 18 82 
 18 26 
 18 63 
 18 64 
 18 87 
 19 1 
 19 17 
 19 48 
 19 16 
 19 28 
 19 59 
 19 46 
 19 74 
 19 72 
 19 9 
 19 88 
 19 14 
 19 32 
 19 55 
 19 84 
 19 12 
 20 14 
 20 16 
 20 17 
 20 13 
 20 73 
 20 55 
 20 40 
 20 41 
 20 46 
 20 50 
 20 85 
 20 28 
 21 10 
 21 17 
 21 51 
 21 3 
 21 49 
 21 76 
 21 40 
 21 52 
 21 14 
 21 67 
 21 32 
 21 34 
 21 41 
 21 63 
 21 84 
 21 92 
 22 10 
 22 18 
 22 14 
 22 49 
 22 86 
 22 60 
 22 24 
 22 46 
 22 65 
 22 82 
 22 98 
 22 75 
 23 10 
 23 51 
 23 73 
 23 86 
 23 54 
 23 79 
 23 68 
 23 24 
 23 55 
 23 99 
 23 39 
 23 47 
 23 67 
 23 82 
 23 87 
 23 88 
 23 98 
 23 59 
 24 1 
 24 8 
 24 10 
 24 11 
 24 23 
 24 22 
 24 62 
 24 30 
 24 15 
 24 84 
 24 76 
 24 33 
 24 36 
 24 74 
 24 31 
 24 94 
 24 40 
 24 47 
 24 52 
 24 82 
 24 90 
 24 16 
 25 9 
 25 10 
 25 86 
 25 38 
 25 97 
 25 17 
 25 72 
 25 64 
 25 77 
 25 40 
 25 51 
 25 2 
 25 46 
 25 3 
 26 6 
 26 7 
 26 29 
 26 18 
 26 98 
 26 10 
 26 87 
 26 68 
 26 69 
 26 53 
 26 89 
 26 54 
 26 93 
 26 32 
 26 88 
 26 75 
 26 39 
 26 45 
 27 9 
 27 13 
 27 15 
 27 16 
 27 17 
 27 42 
 27 37 
 27 11 
 27 95 
 27 4 
 27 31 
 27 76 
 28 15 
 28 16 
 28 19 
 28 77 
 28 56 
 28 31 
 28 33 
 28 41 
 28 49 
 28 70 
 28 93 
 28 20 
 29 2 
 29 4 
 29 5 
 29 7 
 29 15 
 29 26 
 29 57 
 29 9 
 29 74 
 29 73 
 29 33 
 29 37 
 29 11 
 29 41 
 29 44 
 29 49 
 29 63 
 29 70 
 29 78 
 29 81 
 29 82 
 29 93 
 30 1 
 30 5 
 30 7 
 30 8 
 30 9 
 30 16 
 30 24 
 30 100 
 30 73 
 30 13 
 30 63 
 30 57 
 30 59 
 30 71 
 30 89 
 30 38 
 30 31 
 30 33 
 30 41 
 30 53 
 30 67 
 30 87 
 30 95 
 30 32 
 31 7 
 31 9 
 31 24 
 31 28 
 31 30 
 31 4 
 31 50 
 31 86 
 31 82 
 31 96 
 31 57 
 31 73 
 31 27 
 31 33 
 31 34 
 31 45 
 31 59 
 31 49 
 32 15 
 32 26 
 32 71 
 32 21 
 32 19 
 32 75 
 32 97 
 32 82 
 32 43 
 32 88 
 32 50 
 32 3 
 32 52 
 32 30 
 33 2 
 33 5 
 33 24 
 33 29 
 33 31 
 33 53 
 33 62 
 33 7 
 33 71 
 33 30 
 33 28 
 33 10 
 33 36 
 33 39 
 33 40 
 33 48 
 33 65 
 33 67 
 33 81 
 33 98 
 34 1 
 34 12 
 34 21 
 34 5 
 34 83 
 34 48 
 34 7 
 34 31 
 34 40 
 34 65 
 34 87 
 34 42 
 35 6 
 35 10 
 35 15 
 35 12 
 35 74 
 35 38 
 35 87 
 35 78 
 35 75 
 35 81 
 35 48 
 35 96 
 36 1 
 36 12 
 36 13 
 36 24 
 36 33 
 36 14 
 36 99 
 36 76 
 36 45 
 36 50 
 36 59 
 36 78 
 37 3 
 37 7 
 37 8 
 37 17 
 37 27 
 37 29 
 37 45 
 37 47 
 37 56 
 37 70 
 38 4 
 38 13 
 38 25 
 38 30 
 38 35 
 38 55 
 38 72 
 38 82 
 38 61 
 38 2 
 38 62 
 38 64 
 38 84 
 38 87 
 39 2 
 39 5 
 39 26 
 39 33 
 39 23 
 39 3 
 39 89 
 39 73 
 39 4 
 39 94 
 39 40 
 39 61 
 39 78 
 39 85 
 39 92 
 39 100 
 40 5 
 40 8 
 40 9 
 40 14 
 40 21 
 40 25 
 40 39 
 40 24 
 40 34 
 40 56 
 40 78 
 40 63 
 40 41 
 40 15 
 40 20 
 40 33 
 40 82 
 40 61 
 40 52 
 40 62 
 40 84 
 40 92 
 41 1 
 41 5 
 41 8 
 41 12 
 41 14 
 41 17 
 41 29 
 41 40 
 41 28 
 41 30 
 41 96 
 41 67 
 41 45 
 41 21 
 41 50 
 41 54 
 41 16 
 41 20 
 41 66 
 41 83 
 41 93 
 41 95 
 42 9 
 42 17 
 42 27 
 42 65 
 42 67 
 42 95 
 42 100 
 42 34 
 43 17 
 43 32 
 43 6 
 43 82 
 43 1 
 43 15 
 43 56 
 43 100 
 44 4 
 44 15 
 44 29 
 44 65 
 44 48 
 44 59 
 44 64 
 44 87 
 45 6 
 45 13 
 45 16 
 45 18 
 45 36 
 45 41 
 45 31 
 45 26 
 45 63 
 45 37 
 45 48 
 45 52 
 45 57 
 45 98 
 46 7 
 46 9 
 46 16 
 46 17 
 46 19 
 46 25 
 46 4 
 46 88 
 46 80 
 46 71 
 46 97 
 46 22 
 46 92 
 46 72 
 46 20 
 46 67 
 46 79 
 46 68 
 46 49 
 46 59 
 46 62 
 46 77 
 47 58 
 47 2 
 47 37 
 47 73 
 47 92 
 47 55 
 47 78 
 47 66 
 47 4 
 47 3 
 47 85 
 47 86 
 47 87 
 47 1 
 47 61 
 47 12 
 47 24 
 47 23 
 47 75 
 47 67 
 47 48 
 47 65 
 47 82 
 48 10 
 48 18 
 48 19 
 48 34 
 48 44 
 48 53 
 48 57 
 48 89 
 48 14 
 48 9 
 48 85 
 48 11 
 48 7 
 48 35 
 48 94 
 48 47 
 48 95 
 48 45 
 48 33 
 48 51 
 48 55 
 48 58 
 48 59 
 48 64 
 49 3 
 49 4 
 49 21 
 49 22 
 49 16 
 49 52 
 49 97 
 49 46 
 49 6 
 49 79 
 49 29 
 49 7 
 49 28 
 49 55 
 49 92 
 49 74 
 49 5 
 49 60 
 49 95 
 49 31 
 50 8 
 50 12 
 50 31 
 50 32 
 50 41 
 50 82 
 50 16 
 50 36 
 50 20 
 50 59 
 50 64 
 50 86 
 51 2 
 51 3 
 51 5 
 51 7 
 51 21 
 51 23 
 51 25 
 51 48 
 51 70 
 51 81 
 51 95 
 51 98 
 52 5 
 52 16 
 52 21 
 52 49 
 52 12 
 52 58 
 52 90 
 52 45 
 52 85 
 52 32 
 52 82 
 52 74 
 52 11 
 52 24 
 52 84 
 52 40 
 52 86 
 53 4 
 53 12 
 53 17 
 53 26 
 53 33 
 53 48 
 53 93 
 53 16 
 53 74 
 53 11 
 53 30 
 53 89 
 53 56 
 53 99 
 54 1 
 54 5 
 54 10 
 54 23 
 54 26 
 54 41 
 54 81 
 54 90 
 55 7 
 55 17 
 55 20 
 55 23 
 55 38 
 55 47 
 55 49 
 55 6 
 55 67 
 55 48 
 55 19 
 55 83 
 56 1 
 56 8 
 56 12 
 56 28 
 56 40 
 56 70 
 56 17 
 56 16 
 56 15 
 56 37 
 56 83 
 56 4 
 56 6 
 56 53 
 56 60 
 56 76 
 56 43 
 56 64 
 56 85 
 56 59 
 56 81 
 56 100 
 57 3 
 57 6 
 57 13 
 57 29 
 57 30 
 57 31 
 57 48 
 57 79 
 57 90 
 57 16 
 57 7 
 57 14 
 57 45 
 57 86 
 57 82 
 57 62 
 57 15 
 57 72 
 57 59 
 57 1 
 58 2 
 58 8 
 58 10 
 58 15 
 58 47 
 58 52 
 58 48 
 58 93 
 58 64 
 58 78 
 58 65 
 58 98 
 59 3 
 59 19 
 59 30 
 59 50 
 59 56 
 59 31 
 59 46 
 59 2 
 59 5 
 59 65 
 59 60 
 59 4 
 59 48 
 59 85 
 59 89 
 59 36 
 59 8 
 59 1 
 59 44 
 59 57 
 59 67 
 59 81 
 59 98 
 59 23 
 60 22 
 60 49 
 60 56 
 60 59 
 60 85 
 60 90 
 61 38 
 61 40 
 61 47 
 61 95 
 61 39 
 61 82 
 61 63 
 61 88 
 62 9 
 62 13 
 62 24 
 62 33 
 62 57 
 62 46 
 62 2 
 62 12 
 62 92 
 62 82 
 62 38 
 62 85 
 62 91 
 62 40 
 62 65 
 62 72 
 63 2 
 63 12 
 63 14 
 63 30 
 63 40 
 63 45 
 63 29 
 63 21 
 63 18 
 63 13 
 63 89 
 63 61 
 63 81 
 63 100 
 64 25 
 64 56 
 64 58 
 64 96 
 64 77 
 64 18 
 64 50 
 64 44 
 64 4 
 64 68 
 64 48 
 64 65 
 64 38 
 64 16 
 64 70 
 64 6 
 65 13 
 65 44 
 65 59 
 65 64 
 65 34 
 65 22 
 65 58 
 65 42 
 65 62 
 65 90 
 65 94 
 65 33 
 65 47 
 65 96 
 65 83 
 65 77 
 66 9 
 66 47 
 66 85 
 66 41 
 67 1 
 67 8 
 67 21 
 67 41 
 67 46 
 67 47 
 67 55 
 67 72 
 67 75 
 67 13 
 67 7 
 67 33 
 67 30 
 67 59 
 67 93 
 67 70 
 67 42 
 67 23 
 67 84 
 67 4 
 67 83 
 67 100 
 68 23 
 68 26 
 68 46 
 68 64 
 68 87 
 68 93 
 69 8 
 69 9 
 69 12 
 69 15 
 69 26 
 69 70 
 69 86 
 69 80 
 70 4 
 70 6 
 70 56 
 70 67 
 70 64 
 70 71 
 70 51 
 70 28 
 70 93 
 70 29 
 70 88 
 70 8 
 70 69 
 70 37 
 70 91 
 70 15 
 70 77 
 70 81 
 71 3 
 71 10 
 71 30 
 71 32 
 71 33 
 71 46 
 71 70 
 71 90 
 71 95 
 71 73 
 72 1 
 72 19 
 72 25 
 72 38 
 72 46 
 72 57 
 72 67 
 72 4 
 72 16 
 72 15 
 72 86 
 72 62 
 72 82 
 72 83 
 73 7 
 73 15 
 73 20 
 73 23 
 73 29 
 73 30 
 73 31 
 73 39 
 73 47 
 73 86 
 73 90 
 73 71 
 74 4 
 74 19 
 74 24 
 74 29 
 74 35 
 74 49 
 74 52 
 74 53 
 74 90 
 74 99 
 75 1 
 75 2 
 75 26 
 75 32 
 75 35 
 75 47 
 75 67 
 75 76 
 75 88 
 75 92 
 75 99 
 75 22 
 76 7 
 76 10 
 76 15 
 76 16 
 76 21 
 76 24 
 76 36 
 76 56 
 76 2 
 76 75 
 76 93 
 76 27 
 77 4 
 77 14 
 77 16 
 77 25 
 77 28 
 77 64 
 77 65 
 77 86 
 77 46 
 77 70 
 77 81 
 77 85 
 77 96 
 77 2 
 78 1 
 78 5 
 78 12 
 78 14 
 78 15 
 78 35 
 78 40 
 78 47 
 78 58 
 78 29 
 78 39 
 78 36 
 78 88 
 78 96 
 79 1 
 79 8 
 79 23 
 79 46 
 79 49 
 79 57 
 79 82 
 79 88 
 79 92 
 79 100 
 80 3 
 80 15 
 80 46 
 80 7 
 80 98 
 80 69 
 81 2 
 81 35 
 81 63 
 81 33 
 81 70 
 81 29 
 81 56 
 81 59 
 81 91 
 81 51 
 81 77 
 81 54 
 81 95 
 81 92 
 82 12 
 82 18 
 82 31 
 82 32 
 82 38 
 82 40 
 82 43 
 82 50 
 82 52 
 82 57 
 82 61 
 82 62 
 82 29 
 82 47 
 82 86 
 82 79 
 82 24 
 82 72 
 82 22 
 82 23 
 82 84 
 82 90 
 83 1 
 83 4 
 83 34 
 83 55 
 83 56 
 83 65 
 83 92 
 83 72 
 83 9 
 83 85 
 83 84 
 83 12 
 83 67 
 83 41 
 83 87 
 83 90 
 84 12 
 84 24 
 84 52 
 84 67 
 84 83 
 84 5 
 84 97 
 84 38 
 84 19 
 84 40 
 84 82 
 84 21 
 85 3 
 85 15 
 85 17 
 85 47 
 85 48 
 85 52 
 85 56 
 85 59 
 85 62 
 85 66 
 85 83 
 85 20 
 85 39 
 85 77 
 85 60 
 85 90 
 86 6 
 86 15 
 86 18 
 86 22 
 86 23 
 86 25 
 86 31 
 86 47 
 86 57 
 86 72 
 86 77 
 86 82 
 86 5 
 86 69 
 86 52 
 86 73 
 86 50 
 86 92 
 86 9 
 86 88 
 87 3 
 87 4 
 87 15 
 87 17 
 87 26 
 87 35 
 87 47 
 87 23 
 87 44 
 87 30 
 87 18 
 87 68 
 87 2 
 87 83 
 87 34 
 87 38 
 87 95 
 87 98 
 88 6 
 88 8 
 88 19 
 88 26 
 88 32 
 88 46 
 88 70 
 88 86 
 88 75 
 88 61 
 88 10 
 88 23 
 88 79 
 88 78 
 88 92 
 88 98 
 89 4 
 89 26 
 89 30 
 89 39 
 89 48 
 89 53 
 89 59 
 89 63 
 89 92 
 89 95 
 90 52 
 90 57 
 90 65 
 90 85 
 90 83 
 90 95 
 90 60 
 90 2 
 90 82 
 90 74 
 90 54 
 90 98 
 90 71 
 90 24 
 90 97 
 90 73 
 91 2 
 91 13 
 91 62 
 91 70 
 91 81 
 91 98 
 92 46 
 92 47 
 92 49 
 92 62 
 92 83 
 92 86 
 92 39 
 92 75 
 92 98 
 92 94 
 92 88 
 92 21 
 92 97 
 92 89 
 92 79 
 92 40 
 92 93 
 92 81 
 93 1 
 93 26 
 93 53 
 93 58 
 93 67 
 93 70 
 93 41 
 93 29 
 93 12 
 93 92 
 93 10 
 93 68 
 93 28 
 93 76 
 94 1 
 94 9 
 94 17 
 94 24 
 94 39 
 94 48 
 94 65 
 94 92 
 95 3 
 95 15 
 95 16 
 95 27 
 95 48 
 95 61 
 95 90 
 95 2 
 95 87 
 95 81 
 95 89 
 95 71 
 95 51 
 95 49 
 95 12 
 95 42 
 95 30 
 95 41 
 95 1 
 95 98 
 96 31 
 96 41 
 96 64 
 96 65 
 96 35 
 96 77 
 96 6 
 96 9 
 96 100 
 96 78 
 97 13 
 97 25 
 97 32 
 97 46 
 97 49 
 97 84 
 97 90 
 97 92 
 98 2 
 98 6 
 98 13 
 98 26 
 98 90 
 98 92 
 98 22 
 98 88 
 98 51 
 98 33 
 98 45 
 98 9 
 98 23 
 98 59 
 98 3 
 98 58 
 98 87 
 98 95 
 98 91 
 98 80 
 99 5 
 99 7 
 99 16 
 99 23 
 99 36 
 99 74 
 99 53 
 99 75 
 100 2 
 100 8 
 100 15 
 100 30 
 100 96 
 100 42 
 100 63 
 100 79 
 100 67 
 100 56 
 100 39 
 100 43 
