 100 1562
 1 27 
 1 35 
 1 15 
 1 29 
 1 16 
 1 34 
 1 80 
 1 12 
 1 62 
 1 69 
 1 3 
 1 25 
 1 74 
 1 99 
 1 51 
 1 47 
 1 2 
 1 19 
 1 24 
 1 43 
 1 50 
 1 59 
 1 60 
 1 87 
 2 1 
 2 82 
 2 78 
 2 86 
 2 65 
 2 53 
 2 33 
 2 29 
 2 13 
 2 15 
 2 20 
 2 37 
 2 67 
 2 71 
 2 79 
 2 81 
 3 1 
 3 10 
 3 58 
 3 94 
 3 84 
 3 7 
 3 14 
 3 86 
 3 38 
 3 57 
 3 25 
 3 92 
 3 79 
 3 100 
 3 8 
 3 9 
 3 13 
 3 24 
 3 28 
 3 33 
 3 45 
 3 54 
 3 81 
 3 89 
 4 54 
 4 62 
 4 28 
 4 48 
 4 11 
 4 13 
 4 22 
 4 23 
 4 26 
 4 29 
 4 52 
 4 25 
 5 19 
 5 58 
 5 65 
 5 86 
 5 75 
 5 11 
 5 31 
 5 60 
 5 69 
 5 9 
 5 70 
 5 79 
 5 8 
 5 53 
 5 66 
 5 15 
 5 25 
 5 10 
 5 34 
 5 36 
 5 7 
 5 29 
 5 44 
 5 85 
 5 89 
 5 98 
 6 73 
 6 30 
 6 15 
 6 32 
 6 51 
 6 66 
 6 7 
 6 8 
 7 3 
 7 99 
 7 58 
 7 6 
 7 60 
 7 74 
 7 42 
 7 57 
 7 31 
 7 47 
 7 5 
 7 96 
 7 8 
 7 9 
 7 17 
 7 24 
 7 29 
 7 71 
 8 5 
 8 20 
 8 83 
 8 78 
 8 22 
 8 40 
 8 74 
 8 7 
 8 3 
 8 48 
 8 37 
 8 35 
 8 72 
 8 28 
 8 86 
 8 50 
 8 6 
 8 53 
 8 29 
 8 54 
 8 44 
 8 71 
 8 87 
 8 97 
 9 5 
 9 63 
 9 7 
 9 93 
 9 76 
 9 3 
 9 12 
 9 26 
 9 29 
 9 35 
 9 37 
 9 45 
 9 73 
 9 84 
 10 3 
 10 5 
 10 73 
 10 21 
 10 16 
 10 18 
 10 30 
 10 34 
 10 63 
 10 65 
 10 71 
 10 76 
 10 87 
 10 89 
 10 93 
 10 44 
 11 5 
 11 20 
 11 52 
 11 25 
 11 15 
 11 46 
 11 66 
 11 27 
 11 30 
 11 53 
 11 79 
 11 39 
 11 14 
 11 75 
 11 4 
 11 19 
 11 36 
 11 45 
 11 47 
 11 71 
 11 81 
 11 84 
 11 85 
 11 90 
 12 1 
 12 62 
 12 26 
 12 57 
 12 18 
 12 67 
 12 33 
 12 68 
 12 54 
 12 72 
 12 31 
 12 66 
 12 97 
 12 34 
 12 9 
 12 96 
 12 15 
 12 16 
 12 20 
 12 49 
 12 65 
 12 71 
 12 81 
 12 87 
 12 93 
 13 88 
 13 39 
 13 61 
 13 91 
 13 71 
 13 3 
 13 2 
 13 51 
 13 62 
 13 87 
 13 97 
 13 4 
 13 80 
 13 68 
 13 57 
 13 85 
 13 17 
 13 28 
 13 38 
 13 73 
 14 3 
 14 11 
 14 19 
 14 28 
 14 16 
 14 31 
 14 33 
 14 37 
 14 72 
 14 76 
 14 77 
 14 85 
 15 1 
 15 5 
 15 6 
 15 11 
 15 47 
 15 82 
 15 79 
 15 38 
 15 2 
 15 25 
 15 57 
 15 32 
 15 12 
 15 37 
 15 93 
 15 48 
 15 100 
 15 60 
 15 98 
 15 84 
 16 1 
 16 95 
 16 14 
 16 50 
 16 89 
 16 61 
 16 62 
 16 51 
 16 12 
 16 68 
 16 10 
 16 77 
 16 17 
 16 43 
 16 49 
 16 56 
 16 72 
 16 96 
 17 16 
 17 7 
 17 43 
 17 50 
 17 90 
 17 13 
 17 18 
 17 21 
 17 24 
 17 33 
 17 38 
 17 84 
 17 85 
 17 63 
 18 12 
 18 56 
 18 51 
 18 69 
 18 23 
 18 82 
 18 88 
 18 10 
 18 27 
 18 47 
 18 54 
 18 43 
 18 83 
 18 17 
 18 81 
 18 91 
 18 24 
 18 29 
 18 36 
 18 37 
 18 50 
 18 63 
 19 5 
 19 14 
 19 27 
 19 65 
 19 95 
 19 1 
 19 75 
 19 60 
 19 25 
 19 77 
 19 55 
 19 62 
 19 61 
 19 11 
 19 26 
 19 70 
 19 33 
 19 98 
 20 8 
 20 11 
 20 51 
 20 79 
 20 12 
 20 97 
 20 46 
 20 82 
 20 50 
 20 92 
 20 37 
 20 2 
 20 32 
 20 36 
 20 40 
 20 41 
 20 42 
 20 55 
 20 85 
 20 89 
 20 98 
 21 10 
 21 42 
 21 58 
 21 90 
 21 24 
 21 78 
 21 76 
 21 26 
 21 62 
 21 70 
 21 91 
 21 17 
 21 36 
 21 94 
 21 64 
 21 95 
 21 80 
 21 41 
 21 28 
 21 44 
 21 49 
 21 54 
 21 56 
 21 65 
 21 85 
 21 89 
 22 8 
 22 98 
 22 43 
 22 87 
 22 93 
 22 82 
 22 75 
 22 4 
 22 33 
 22 35 
 22 38 
 22 40 
 22 47 
 22 50 
 22 51 
 22 55 
 22 77 
 22 84 
 23 18 
 23 51 
 23 63 
 23 84 
 23 79 
 23 46 
 23 40 
 23 55 
 23 52 
 23 4 
 23 86 
 23 90 
 23 48 
 23 59 
 23 37 
 23 50 
 23 62 
 23 72 
 23 93 
 23 36 
 24 21 
 24 3 
 24 44 
 24 7 
 24 75 
 24 48 
 24 18 
 24 64 
 24 17 
 24 58 
 24 37 
 24 88 
 24 1 
 24 94 
 24 28 
 24 89 
 25 1 
 25 3 
 25 5 
 25 11 
 25 15 
 25 19 
 25 50 
 25 58 
 25 65 
 25 73 
 25 95 
 25 4 
 26 12 
 26 19 
 26 21 
 26 51 
 26 37 
 26 52 
 26 73 
 26 78 
 26 100 
 26 4 
 26 84 
 26 87 
 26 86 
 26 46 
 26 35 
 26 66 
 26 70 
 26 36 
 26 9 
 26 59 
 26 34 
 26 44 
 26 79 
 26 82 
 26 88 
 27 1 
 27 11 
 27 18 
 27 19 
 27 29 
 27 36 
 27 40 
 27 60 
 27 81 
 27 61 
 28 4 
 28 8 
 28 14 
 28 47 
 28 13 
 28 3 
 28 24 
 28 67 
 28 21 
 28 88 
 28 95 
 28 74 
 28 98 
 28 46 
 28 48 
 28 61 
 28 71 
 28 90 
 28 32 
 28 43 
 28 44 
 28 73 
 28 87 
 28 99 
 29 1 
 29 2 
 29 8 
 29 4 
 29 82 
 29 76 
 29 99 
 29 35 
 29 7 
 29 18 
 29 64 
 29 93 
 29 95 
 29 9 
 29 36 
 29 27 
 29 5 
 29 54 
 29 43 
 29 49 
 29 50 
 29 71 
 29 79 
 29 85 
 29 98 
 29 65 
 30 6 
 30 11 
 30 10 
 30 94 
 30 90 
 30 49 
 30 69 
 30 54 
 30 31 
 30 37 
 30 42 
 30 44 
 30 56 
 30 67 
 30 77 
 30 85 
 30 97 
 30 32 
 31 5 
 31 7 
 31 12 
 31 48 
 31 58 
 31 42 
 31 43 
 31 92 
 31 30 
 31 14 
 31 36 
 31 50 
 31 85 
 31 45 
 32 6 
 32 15 
 32 40 
 32 69 
 32 59 
 32 87 
 32 28 
 32 20 
 32 44 
 32 70 
 32 91 
 32 96 
 32 68 
 32 43 
 32 100 
 32 47 
 32 33 
 32 62 
 32 82 
 32 30 
 33 2 
 33 12 
 33 100 
 33 79 
 33 22 
 33 91 
 33 46 
 33 74 
 33 67 
 33 82 
 33 32 
 33 19 
 33 37 
 33 17 
 33 3 
 33 49 
 33 48 
 33 14 
 33 44 
 33 62 
 33 77 
 33 34 
 34 1 
 34 5 
 34 12 
 34 81 
 34 10 
 34 26 
 34 40 
 34 50 
 34 62 
 34 71 
 34 84 
 34 87 
 34 98 
 34 33 
 35 1 
 35 8 
 35 26 
 35 29 
 35 99 
 35 22 
 35 9 
 35 45 
 35 54 
 35 55 
 35 56 
 35 97 
 36 5 
 36 21 
 36 26 
 36 29 
 36 81 
 36 100 
 36 75 
 36 96 
 36 79 
 36 93 
 36 18 
 36 61 
 36 95 
 36 66 
 36 72 
 36 73 
 36 20 
 36 27 
 36 11 
 36 31 
 36 38 
 36 51 
 36 56 
 36 62 
 36 65 
 36 23 
 37 8 
 37 15 
 37 20 
 37 23 
 37 24 
 37 26 
 37 33 
 37 50 
 37 61 
 37 30 
 37 42 
 37 2 
 37 14 
 37 18 
 37 92 
 37 9 
 37 72 
 37 93 
 38 3 
 38 15 
 38 64 
 38 17 
 38 13 
 38 22 
 38 88 
 38 36 
 38 53 
 38 70 
 38 74 
 38 99 
 38 44 
 38 49 
 38 56 
 38 60 
 38 65 
 38 76 
 38 84 
 38 87 
 39 11 
 39 13 
 39 40 
 39 45 
 39 42 
 39 60 
 40 8 
 40 23 
 40 32 
 40 39 
 40 22 
 40 34 
 40 27 
 40 49 
 40 92 
 40 63 
 40 20 
 40 67 
 40 97 
 40 80 
 40 84 
 40 98 
 41 21 
 41 20 
 41 86 
 41 84 
 41 73 
 41 89 
 41 99 
 41 79 
 42 7 
 42 21 
 42 31 
 42 37 
 42 78 
 42 30 
 42 100 
 42 70 
 42 88 
 42 57 
 42 49 
 42 54 
 42 53 
 42 99 
 42 71 
 42 95 
 42 20 
 42 39 
 42 43 
 42 84 
 42 85 
 42 89 
 43 17 
 43 18 
 43 22 
 43 31 
 43 32 
 43 42 
 43 46 
 43 96 
 43 28 
 43 1 
 43 16 
 43 29 
 43 51 
 43 97 
 44 24 
 44 32 
 44 48 
 44 45 
 44 8 
 44 74 
 44 5 
 44 95 
 44 33 
 44 38 
 44 64 
 44 26 
 44 100 
 44 21 
 44 30 
 44 73 
 44 49 
 44 28 
 44 84 
 44 68 
 44 56 
 44 81 
 44 89 
 44 98 
 44 99 
 44 10 
 45 39 
 45 44 
 45 56 
 45 86 
 45 98 
 45 9 
 45 11 
 45 97 
 45 3 
 45 35 
 45 60 
 45 31 
 46 11 
 46 20 
 46 23 
 46 26 
 46 28 
 46 33 
 46 43 
 46 53 
 47 1 
 47 7 
 47 15 
 47 18 
 47 28 
 47 32 
 47 85 
 47 95 
 47 11 
 47 22 
 47 70 
 47 86 
 47 63 
 47 65 
 48 4 
 48 8 
 48 15 
 48 23 
 48 24 
 48 28 
 48 31 
 48 33 
 48 44 
 48 55 
 48 72 
 48 81 
 49 30 
 49 33 
 49 40 
 49 42 
 49 44 
 49 92 
 49 12 
 49 89 
 49 29 
 49 21 
 49 38 
 49 16 
 49 55 
 49 72 
 49 76 
 49 98 
 50 8 
 50 16 
 50 17 
 50 20 
 50 23 
 50 37 
 50 1 
 50 34 
 50 25 
 50 29 
 50 22 
 50 18 
 50 86 
 50 31 
 50 55 
 50 96 
 51 1 
 51 6 
 51 13 
 51 16 
 51 18 
 51 20 
 51 23 
 51 26 
 51 43 
 51 22 
 51 73 
 51 36 
 51 91 
 51 100 
 51 77 
 51 87 
 51 97 
 51 81 
 52 11 
 52 23 
 52 26 
 52 4 
 52 55 
 52 81 
 52 84 
 52 98 
 53 2 
 53 5 
 53 8 
 53 11 
 53 38 
 53 42 
 53 87 
 53 46 
 54 4 
 54 8 
 54 12 
 54 18 
 54 29 
 54 30 
 54 42 
 54 93 
 54 35 
 54 3 
 54 81 
 54 21 
 54 80 
 54 77 
 54 63 
 54 76 
 54 90 
 54 62 
 55 19 
 55 23 
 55 94 
 55 20 
 55 100 
 55 84 
 55 89 
 55 79 
 55 75 
 55 77 
 55 35 
 55 56 
 55 92 
 55 22 
 55 85 
 55 50 
 55 52 
 55 67 
 55 48 
 55 49 
 55 60 
 55 65 
 55 73 
 55 87 
 55 99 
 55 71 
 56 18 
 56 45 
 56 55 
 56 36 
 56 38 
 56 30 
 56 44 
 56 35 
 56 16 
 56 21 
 56 71 
 56 82 
 56 85 
 56 73 
 57 3 
 57 7 
 57 12 
 57 13 
 57 15 
 57 42 
 57 60 
 57 65 
 58 3 
 58 5 
 58 7 
 58 21 
 58 24 
 58 31 
 58 74 
 58 25 
 59 23 
 59 26 
 59 32 
 59 1 
 59 65 
 59 73 
 59 89 
 59 95 
 60 5 
 60 7 
 60 15 
 60 19 
 60 57 
 60 92 
 60 27 
 60 95 
 60 68 
 60 77 
 60 63 
 60 45 
 60 55 
 60 39 
 60 38 
 60 1 
 60 84 
 60 89 
 61 13 
 61 16 
 61 19 
 61 28 
 61 36 
 61 37 
 61 71 
 61 27 
 62 1 
 62 4 
 62 12 
 62 13 
 62 16 
 62 19 
 62 21 
 62 33 
 62 78 
 62 32 
 62 36 
 62 88 
 62 72 
 62 34 
 62 23 
 62 85 
 62 63 
 62 54 
 63 9 
 63 23 
 63 40 
 63 60 
 63 54 
 63 18 
 63 47 
 63 94 
 63 62 
 63 10 
 63 99 
 63 17 
 64 21 
 64 24 
 64 29 
 64 38 
 64 44 
 64 69 
 65 2 
 65 5 
 65 19 
 65 47 
 65 59 
 65 90 
 65 10 
 65 88 
 65 12 
 65 55 
 65 70 
 65 21 
 65 57 
 65 36 
 65 38 
 65 25 
 65 77 
 65 87 
 65 92 
 65 29 
 66 5 
 66 6 
 66 11 
 66 12 
 66 26 
 66 36 
 67 12 
 67 28 
 67 33 
 67 40 
 67 55 
 67 30 
 67 71 
 67 2 
 67 74 
 67 75 
 68 12 
 68 13 
 68 16 
 68 32 
 68 44 
 68 60 
 68 76 
 68 97 
 68 99 
 68 74 
 69 1 
 69 5 
 69 18 
 69 30 
 69 32 
 69 98 
 69 64 
 69 95 
 69 72 
 69 100 
 70 5 
 70 19 
 70 21 
 70 26 
 70 32 
 70 38 
 70 42 
 70 47 
 70 65 
 70 86 
 71 13 
 71 28 
 71 42 
 71 67 
 71 2 
 71 12 
 71 29 
 71 82 
 71 74 
 71 81 
 71 99 
 71 61 
 71 91 
 71 8 
 71 7 
 71 83 
 71 11 
 71 34 
 71 10 
 71 56 
 71 72 
 71 87 
 71 97 
 71 55 
 72 8 
 72 12 
 72 36 
 72 62 
 72 23 
 72 99 
 72 69 
 72 37 
 72 48 
 72 16 
 72 71 
 72 88 
 72 49 
 72 79 
 72 14 
 72 83 
 72 81 
 72 82 
 73 6 
 73 10 
 73 26 
 73 36 
 73 44 
 73 51 
 73 13 
 73 55 
 73 59 
 73 9 
 73 41 
 73 25 
 73 28 
 73 96 
 73 84 
 73 56 
 74 1 
 74 7 
 74 8 
 74 28 
 74 33 
 74 38 
 74 44 
 74 58 
 74 71 
 74 67 
 74 87 
 74 68 
 75 5 
 75 11 
 75 19 
 75 22 
 75 24 
 75 36 
 75 55 
 75 93 
 75 97 
 75 67 
 76 9 
 76 21 
 76 29 
 76 10 
 76 99 
 76 96 
 76 49 
 76 38 
 76 14 
 76 68 
 76 77 
 76 54 
 76 81 
 76 93 
 76 95 
 76 85 
 77 16 
 77 19 
 77 54 
 77 55 
 77 60 
 77 76 
 77 14 
 77 65 
 77 33 
 77 88 
 77 30 
 77 51 
 77 87 
 77 78 
 77 22 
 77 81 
 78 2 
 78 8 
 78 21 
 78 26 
 78 42 
 78 62 
 78 77 
 78 85 
 78 89 
 78 98 
 79 3 
 79 5 
 79 11 
 79 15 
 79 20 
 79 23 
 79 33 
 79 36 
 79 55 
 79 72 
 79 100 
 79 2 
 79 29 
 79 26 
 79 85 
 79 41 
 80 1 
 80 13 
 80 21 
 80 40 
 80 54 
 80 84 
 80 87 
 80 99 
 81 18 
 81 34 
 81 36 
 81 54 
 81 71 
 81 72 
 81 12 
 81 3 
 81 76 
 81 48 
 81 77 
 81 11 
 81 2 
 81 44 
 81 52 
 81 27 
 81 92 
 81 51 
 82 2 
 82 15 
 82 18 
 82 20 
 82 22 
 82 29 
 82 33 
 82 71 
 82 26 
 82 32 
 82 56 
 82 72 
 83 8 
 83 18 
 83 71 
 83 72 
 84 3 
 84 23 
 84 26 
 84 41 
 84 44 
 84 55 
 84 38 
 84 11 
 84 60 
 84 22 
 84 80 
 84 73 
 84 17 
 84 9 
 84 52 
 84 34 
 84 42 
 84 15 
 84 85 
 84 40 
 85 13 
 85 47 
 85 55 
 85 62 
 85 84 
 85 31 
 85 89 
 85 11 
 85 5 
 85 14 
 85 17 
 85 56 
 85 21 
 85 42 
 85 29 
 85 79 
 85 30 
 85 78 
 85 20 
 85 86 
 85 99 
 85 76 
 86 2 
 86 3 
 86 5 
 86 8 
 86 23 
 86 26 
 86 41 
 86 45 
 86 47 
 86 50 
 86 85 
 86 70 
 87 13 
 87 22 
 87 26 
 87 32 
 87 77 
 87 12 
 87 38 
 87 55 
 87 94 
 87 28 
 87 51 
 87 65 
 87 34 
 87 71 
 87 8 
 87 53 
 87 74 
 87 80 
 87 1 
 87 10 
 87 89 
 88 13 
 88 18 
 88 24 
 88 28 
 88 38 
 88 42 
 88 62 
 88 65 
 88 72 
 88 77 
 88 94 
 88 26 
 89 16 
 89 49 
 89 55 
 89 85 
 89 24 
 89 42 
 89 44 
 89 78 
 89 87 
 89 3 
 89 5 
 89 59 
 89 10 
 89 41 
 89 60 
 89 96 
 89 91 
 89 20 
 89 93 
 89 21 
 90 17 
 90 21 
 90 23 
 90 28 
 90 30 
 90 65 
 90 95 
 90 54 
 90 11 
 90 94 
 90 96 
 90 99 
 91 13 
 91 18 
 91 21 
 91 32 
 91 33 
 91 51 
 91 71 
 91 89 
 92 3 
 92 20 
 92 31 
 92 37 
 92 40 
 92 49 
 92 55 
 92 60 
 92 81 
 92 65 
 93 9 
 93 15 
 93 22 
 93 29 
 93 36 
 93 54 
 93 76 
 93 89 
 93 75 
 93 12 
 93 10 
 93 23 
 93 98 
 93 37 
 94 3 
 94 21 
 94 24 
 94 30 
 94 55 
 94 63 
 94 87 
 94 88 
 94 90 
 94 97 
 95 16 
 95 19 
 95 21 
 95 28 
 95 29 
 95 36 
 95 42 
 95 44 
 95 47 
 95 60 
 95 69 
 95 90 
 95 76 
 95 59 
 95 25 
 95 97 
 96 7 
 96 12 
 96 32 
 96 36 
 96 43 
 96 73 
 96 76 
 96 89 
 96 50 
 96 90 
 96 97 
 96 16 
 97 12 
 97 13 
 97 20 
 97 40 
 97 45 
 97 96 
 97 68 
 97 51 
 97 35 
 97 30 
 97 71 
 97 75 
 97 8 
 97 94 
 97 43 
 97 95 
 98 15 
 98 22 
 98 28 
 98 45 
 98 69 
 98 5 
 98 19 
 98 52 
 98 49 
 98 29 
 98 78 
 98 44 
 98 40 
 98 20 
 98 34 
 98 93 
 99 1 
 99 7 
 99 29 
 99 35 
 99 38 
 99 42 
 99 71 
 99 72 
 99 76 
 99 28 
 99 41 
 99 44 
 99 63 
 99 68 
 99 80 
 99 55 
 99 90 
 99 85 
 100 3 
 100 15 
 100 26 
 100 32 
 100 33 
 100 36 
 100 42 
 100 44 
 100 51 
 100 55 
 100 79 
 100 69 
