 100 1344
 1 12 
 1 61 
 1 32 
 1 59 
 1 15 
 1 28 
 1 36 
 1 93 
 2 46 
 2 61 
 2 54 
 2 28 
 2 15 
 2 25 
 2 58 
 2 18 
 2 33 
 2 75 
 2 88 
 2 86 
 2 6 
 2 9 
 2 11 
 2 22 
 2 31 
 2 44 
 2 52 
 2 59 
 2 76 
 2 84 
 3 49 
 3 14 
 3 73 
 3 19 
 3 13 
 3 22 
 3 31 
 3 47 
 3 78 
 3 81 
 3 95 
 3 38 
 4 43 
 4 27 
 4 23 
 4 36 
 4 80 
 4 81 
 4 83 
 4 51 
 5 55 
 5 32 
 5 23 
 5 46 
 5 22 
 5 6 
 5 27 
 5 14 
 5 15 
 5 43 
 5 56 
 5 88 
 5 100 
 5 57 
 6 5 
 6 16 
 6 78 
 6 15 
 6 37 
 6 65 
 6 86 
 6 43 
 6 47 
 6 54 
 6 83 
 6 58 
 6 64 
 6 2 
 6 69 
 6 9 
 6 7 
 6 11 
 6 24 
 6 45 
 6 49 
 7 6 
 7 50 
 7 36 
 7 91 
 7 85 
 7 37 
 7 32 
 7 26 
 7 47 
 7 25 
 7 10 
 7 12 
 7 96 
 7 70 
 8 26 
 8 83 
 8 28 
 8 39 
 8 46 
 8 80 
 8 88 
 8 90 
 9 6 
 9 29 
 9 2 
 9 15 
 9 28 
 9 59 
 10 82 
 10 70 
 10 76 
 10 7 
 10 84 
 10 74 
 10 16 
 10 55 
 10 27 
 10 61 
 10 32 
 10 26 
 10 18 
 10 22 
 10 41 
 10 49 
 10 60 
 10 75 
 11 6 
 11 36 
 11 2 
 11 59 
 11 62 
 11 71 
 11 13 
 11 14 
 11 22 
 11 40 
 11 47 
 11 75 
 11 89 
 11 99 
 12 1 
 12 82 
 12 77 
 12 46 
 12 75 
 12 98 
 12 81 
 12 37 
 12 7 
 12 41 
 12 33 
 12 87 
 12 38 
 12 20 
 12 21 
 12 36 
 12 39 
 13 3 
 13 11 
 13 48 
 13 14 
 13 15 
 13 24 
 13 44 
 13 82 
 13 18 
 13 36 
 13 43 
 13 45 
 13 59 
 13 89 
 13 98 
 13 64 
 14 3 
 14 5 
 14 13 
 14 23 
 14 98 
 14 33 
 14 52 
 14 11 
 14 48 
 14 57 
 14 56 
 14 46 
 14 85 
 14 61 
 14 42 
 14 51 
 14 40 
 14 75 
 14 34 
 14 82 
 14 21 
 14 26 
 14 28 
 14 31 
 14 32 
 14 39 
 14 47 
 14 60 
 14 78 
 14 94 
 15 2 
 15 6 
 15 9 
 15 13 
 15 85 
 15 35 
 15 61 
 15 5 
 15 79 
 15 67 
 15 53 
 15 33 
 15 88 
 15 81 
 15 99 
 15 58 
 15 64 
 15 16 
 15 1 
 15 47 
 15 17 
 15 24 
 15 42 
 15 66 
 15 68 
 15 69 
 15 75 
 15 100 
 16 6 
 16 10 
 16 15 
 16 21 
 16 37 
 16 94 
 16 42 
 16 97 
 16 29 
 16 56 
 16 78 
 16 30 
 17 62 
 17 48 
 17 78 
 17 80 
 17 15 
 17 38 
 17 28 
 17 88 
 17 37 
 17 67 
 17 59 
 17 34 
 17 69 
 17 54 
 17 42 
 17 57 
 17 93 
 17 98 
 18 2 
 18 10 
 18 87 
 18 88 
 18 44 
 18 39 
 18 79 
 18 48 
 18 57 
 18 62 
 18 51 
 18 58 
 18 23 
 18 13 
 18 21 
 18 24 
 18 74 
 18 81 
 18 94 
 18 96 
 19 3 
 19 35 
 19 22 
 19 59 
 19 74 
 19 46 
 20 12 
 20 90 
 20 85 
 20 86 
 20 74 
 20 42 
 20 28 
 20 36 
 20 40 
 20 43 
 20 52 
 20 93 
 21 16 
 21 12 
 21 45 
 21 80 
 21 40 
 21 56 
 21 14 
 21 23 
 21 90 
 21 49 
 21 18 
 21 28 
 21 89 
 21 97 
 21 83 
 21 54 
 21 31 
 21 43 
 21 73 
 22 5 
 22 2 
 22 19 
 22 3 
 22 37 
 22 33 
 22 10 
 22 32 
 22 11 
 22 98 
 22 43 
 22 69 
 22 86 
 22 25 
 22 28 
 22 35 
 22 42 
 22 81 
 23 5 
 23 14 
 23 18 
 23 21 
 23 35 
 23 52 
 23 70 
 23 86 
 23 39 
 23 76 
 23 33 
 23 66 
 23 4 
 23 34 
 23 46 
 23 64 
 23 24 
 23 28 
 23 32 
 23 60 
 23 74 
 23 78 
 24 13 
 24 64 
 24 46 
 24 30 
 24 70 
 24 23 
 24 34 
 24 51 
 24 56 
 24 73 
 24 18 
 24 6 
 24 15 
 24 99 
 24 82 
 24 35 
 24 93 
 24 74 
 24 44 
 24 28 
 25 2 
 25 7 
 25 77 
 25 55 
 25 22 
 25 43 
 25 52 
 25 67 
 25 72 
 25 78 
 25 93 
 25 96 
 26 7 
 26 8 
 26 10 
 26 76 
 26 64 
 26 14 
 26 71 
 26 48 
 26 47 
 26 60 
 26 69 
 26 97 
 27 4 
 27 5 
 27 10 
 27 45 
 27 55 
 27 89 
 27 94 
 27 77 
 28 2 
 28 17 
 28 21 
 28 20 
 28 81 
 28 9 
 28 65 
 28 64 
 28 34 
 28 1 
 28 97 
 28 71 
 28 22 
 28 8 
 28 91 
 28 95 
 28 14 
 28 23 
 28 29 
 28 30 
 28 44 
 28 67 
 28 89 
 28 24 
 29 9 
 29 78 
 29 92 
 29 16 
 29 71 
 29 32 
 29 69 
 29 97 
 29 79 
 29 28 
 29 30 
 29 60 
 29 74 
 29 88 
 29 93 
 29 52 
 30 24 
 30 80 
 30 89 
 30 65 
 30 29 
 30 28 
 30 47 
 30 56 
 30 75 
 30 16 
 31 21 
 31 36 
 31 85 
 31 63 
 31 81 
 31 66 
 31 68 
 31 42 
 31 14 
 31 43 
 31 90 
 31 74 
 31 3 
 31 87 
 31 2 
 31 51 
 31 69 
 31 80 
 31 84 
 31 91 
 32 1 
 32 5 
 32 7 
 32 10 
 32 22 
 32 29 
 32 60 
 32 88 
 32 46 
 32 53 
 32 85 
 32 70 
 32 14 
 32 23 
 32 87 
 32 90 
 32 68 
 32 34 
 32 80 
 32 56 
 32 42 
 32 89 
 33 2 
 33 12 
 33 14 
 33 15 
 33 22 
 33 23 
 33 52 
 33 80 
 33 89 
 33 73 
 34 14 
 34 17 
 34 23 
 34 24 
 34 28 
 34 32 
 34 78 
 34 95 
 35 15 
 35 19 
 35 23 
 35 24 
 35 22 
 35 41 
 35 72 
 35 75 
 36 7 
 36 11 
 36 31 
 36 12 
 36 93 
 36 20 
 36 45 
 36 37 
 36 4 
 36 83 
 36 79 
 36 1 
 36 61 
 36 13 
 36 41 
 36 44 
 36 60 
 36 64 
 36 66 
 36 84 
 36 88 
 36 96 
 37 6 
 37 7 
 37 12 
 37 16 
 37 17 
 37 22 
 37 36 
 37 39 
 37 44 
 37 47 
 37 64 
 37 66 
 37 72 
 37 43 
 38 12 
 38 17 
 38 64 
 38 43 
 38 60 
 38 66 
 38 70 
 38 88 
 38 96 
 38 3 
 39 18 
 39 23 
 39 12 
 39 80 
 39 14 
 39 8 
 39 37 
 39 62 
 39 45 
 39 47 
 39 52 
 39 78 
 40 14 
 40 21 
 40 96 
 40 83 
 40 78 
 40 20 
 40 11 
 40 92 
 40 85 
 40 89 
 40 42 
 40 64 
 41 12 
 41 35 
 41 88 
 41 36 
 41 10 
 41 90 
 41 64 
 41 89 
 42 14 
 42 16 
 42 20 
 42 31 
 42 17 
 42 15 
 42 32 
 42 49 
 42 90 
 42 22 
 42 51 
 42 48 
 42 68 
 42 40 
 42 66 
 42 76 
 42 89 
 42 93 
 42 94 
 43 4 
 43 6 
 43 22 
 43 25 
 43 31 
 43 38 
 43 13 
 43 92 
 43 21 
 43 5 
 43 20 
 43 88 
 43 66 
 43 37 
 44 13 
 44 18 
 44 36 
 44 48 
 44 2 
 44 65 
 44 74 
 44 45 
 44 24 
 44 69 
 44 37 
 44 28 
 44 93 
 44 94 
 44 98 
 44 75 
 45 21 
 45 36 
 45 44 
 45 65 
 45 39 
 45 63 
 45 27 
 45 79 
 45 50 
 45 13 
 45 62 
 45 6 
 45 52 
 45 70 
 46 2 
 46 5 
 46 12 
 46 14 
 46 23 
 46 24 
 46 32 
 46 8 
 46 93 
 46 19 
 47 6 
 47 7 
 47 15 
 47 73 
 47 26 
 47 37 
 47 71 
 47 60 
 47 86 
 47 98 
 47 39 
 47 94 
 47 14 
 47 30 
 47 3 
 47 11 
 47 84 
 47 89 
 48 13 
 48 14 
 48 17 
 48 18 
 48 26 
 48 42 
 48 44 
 48 51 
 48 75 
 48 97 
 49 3 
 49 21 
 49 42 
 49 65 
 49 54 
 49 87 
 49 99 
 49 6 
 49 69 
 49 10 
 49 68 
 49 75 
 49 84 
 49 93 
 49 94 
 49 96 
 50 7 
 50 45 
 50 79 
 50 96 
 50 74 
 50 75 
 51 14 
 51 18 
 51 24 
 51 31 
 51 42 
 51 48 
 51 52 
 51 56 
 51 93 
 51 4 
 52 14 
 52 23 
 52 65 
 52 20 
 52 39 
 52 45 
 52 33 
 52 2 
 52 25 
 52 51 
 52 91 
 52 94 
 52 86 
 52 63 
 52 60 
 52 68 
 52 76 
 52 78 
 52 85 
 52 29 
 53 15 
 53 32 
 53 69 
 53 74 
 53 80 
 53 82 
 54 2 
 54 6 
 54 17 
 54 21 
 54 49 
 54 83 
 54 66 
 54 73 
 54 79 
 54 80 
 54 89 
 54 99 
 55 5 
 55 10 
 55 25 
 55 62 
 55 27 
 55 87 
 55 66 
 55 88 
 55 89 
 55 68 
 56 14 
 56 21 
 56 24 
 56 32 
 56 86 
 56 30 
 56 16 
 56 51 
 56 5 
 56 63 
 56 70 
 56 75 
 56 76 
 56 84 
 56 93 
 56 95 
 57 14 
 57 18 
 57 17 
 57 94 
 57 60 
 57 80 
 57 81 
 57 83 
 57 89 
 57 5 
 58 2 
 58 6 
 58 15 
 58 18 
 58 69 
 58 92 
 58 81 
 58 93 
 58 95 
 58 96 
 59 1 
 59 11 
 59 17 
 59 13 
 59 2 
 59 19 
 59 75 
 59 9 
 60 32 
 60 47 
 60 23 
 60 52 
 60 14 
 60 64 
 60 74 
 60 97 
 60 82 
 60 26 
 60 10 
 60 36 
 60 100 
 60 90 
 60 38 
 60 65 
 60 57 
 60 29 
 61 1 
 61 2 
 61 10 
 61 14 
 61 15 
 61 36 
 61 62 
 61 74 
 61 79 
 61 84 
 62 11 
 62 17 
 62 18 
 62 39 
 62 45 
 62 55 
 62 69 
 62 61 
 62 68 
 62 80 
 62 96 
 62 100 
 63 31 
 63 45 
 63 52 
 63 56 
 63 66 
 63 76 
 63 100 
 63 87 
 64 6 
 64 15 
 64 23 
 64 24 
 64 26 
 64 28 
 64 38 
 64 60 
 64 36 
 64 87 
 64 41 
 64 37 
 64 92 
 64 40 
 64 88 
 64 13 
 65 6 
 65 28 
 65 30 
 65 44 
 65 45 
 65 49 
 65 52 
 65 60 
 65 66 
 65 95 
 65 96 
 65 83 
 66 23 
 66 31 
 66 36 
 66 76 
 66 65 
 66 43 
 66 37 
 66 54 
 66 85 
 66 70 
 66 55 
 66 83 
 66 63 
 66 42 
 66 38 
 66 15 
 66 67 
 66 78 
 67 15 
 67 17 
 67 66 
 67 25 
 67 95 
 67 28 
 67 84 
 67 96 
 68 31 
 68 32 
 68 42 
 68 49 
 68 15 
 68 52 
 68 62 
 68 99 
 68 76 
 68 55 
 69 6 
 69 17 
 69 22 
 69 29 
 69 44 
 69 49 
 69 53 
 69 58 
 69 62 
 69 31 
 69 84 
 69 15 
 69 76 
 69 83 
 69 26 
 69 89 
 70 10 
 70 23 
 70 24 
 70 32 
 70 66 
 70 38 
 70 56 
 70 45 
 70 74 
 70 93 
 70 94 
 70 7 
 71 11 
 71 26 
 71 28 
 71 29 
 71 47 
 71 78 
 71 94 
 71 96 
 72 100 
 72 35 
 72 37 
 72 25 
 72 89 
 72 91 
 72 93 
 72 94 
 73 3 
 73 24 
 73 47 
 73 54 
 73 86 
 73 21 
 73 84 
 73 33 
 74 10 
 74 20 
 74 24 
 74 31 
 74 44 
 74 53 
 74 60 
 74 23 
 74 18 
 74 50 
 74 61 
 74 70 
 74 19 
 74 80 
 74 87 
 74 29 
 74 75 
 74 78 
 75 2 
 75 12 
 75 14 
 75 49 
 75 59 
 75 30 
 75 74 
 75 48 
 75 56 
 75 15 
 75 10 
 75 85 
 75 35 
 75 11 
 75 81 
 75 50 
 75 88 
 75 44 
 76 10 
 76 23 
 76 26 
 76 66 
 76 69 
 76 83 
 76 63 
 76 68 
 76 2 
 76 42 
 76 90 
 76 56 
 76 81 
 76 52 
 76 80 
 76 88 
 76 93 
 76 94 
 77 12 
 77 25 
 77 83 
 77 95 
 77 84 
 77 27 
 78 6 
 78 17 
 78 29 
 78 40 
 78 34 
 78 3 
 78 14 
 78 52 
 78 71 
 78 25 
 78 74 
 78 23 
 78 39 
 78 16 
 78 66 
 78 96 
 78 97 
 78 98 
 79 15 
 79 18 
 79 29 
 79 36 
 79 45 
 79 50 
 79 54 
 79 61 
 80 17 
 80 21 
 80 30 
 80 32 
 80 39 
 80 74 
 80 62 
 80 76 
 80 31 
 80 8 
 80 86 
 80 53 
 80 92 
 80 4 
 80 57 
 80 54 
 80 33 
 80 81 
 81 12 
 81 15 
 81 28 
 81 31 
 81 75 
 81 76 
 81 80 
 81 18 
 81 57 
 81 22 
 81 4 
 81 97 
 81 3 
 81 58 
 82 10 
 82 12 
 82 13 
 82 14 
 82 24 
 82 60 
 82 93 
 82 53 
 83 6 
 83 8 
 83 21 
 83 36 
 83 40 
 83 54 
 83 66 
 83 69 
 83 76 
 83 77 
 83 4 
 83 57 
 83 100 
 83 65 
 84 10 
 84 47 
 84 69 
 84 67 
 84 61 
 84 31 
 84 56 
 84 77 
 84 2 
 84 73 
 84 36 
 84 49 
 85 7 
 85 14 
 85 15 
 85 20 
 85 31 
 85 32 
 85 40 
 85 66 
 85 75 
 85 52 
 86 2 
 86 6 
 86 20 
 86 22 
 86 23 
 86 47 
 86 52 
 86 56 
 86 73 
 86 80 
 87 12 
 87 18 
 87 31 
 87 32 
 87 49 
 87 55 
 87 64 
 87 74 
 87 93 
 87 63 
 88 2 
 88 15 
 88 17 
 88 18 
 88 32 
 88 41 
 88 43 
 88 75 
 88 64 
 88 90 
 88 55 
 88 38 
 88 36 
 88 5 
 88 29 
 88 8 
 88 93 
 88 76 
 88 89 
 88 96 
 89 21 
 89 30 
 89 40 
 89 28 
 89 55 
 89 11 
 89 98 
 89 54 
 89 72 
 89 27 
 89 69 
 89 13 
 89 92 
 89 47 
 89 42 
 89 88 
 89 32 
 89 57 
 89 41 
 89 33 
 89 94 
 89 96 
 90 20 
 90 21 
 90 31 
 90 32 
 90 41 
 90 42 
 90 60 
 90 76 
 90 88 
 90 8 
 91 7 
 91 28 
 91 52 
 91 31 
 91 95 
 91 72 
 92 29 
 92 40 
 92 43 
 92 58 
 92 64 
 92 80 
 92 89 
 92 100 
 93 24 
 93 36 
 93 88 
 93 46 
 93 72 
 93 70 
 93 1 
 93 56 
 93 42 
 93 20 
 93 25 
 93 29 
 93 76 
 93 87 
 93 17 
 93 44 
 93 82 
 93 49 
 93 58 
 93 51 
 94 16 
 94 47 
 94 52 
 94 57 
 94 95 
 94 76 
 94 89 
 94 44 
 94 18 
 94 71 
 94 42 
 94 49 
 94 27 
 94 70 
 94 72 
 94 14 
 95 28 
 95 67 
 95 77 
 95 91 
 95 94 
 95 56 
 95 34 
 95 65 
 95 3 
 95 58 
 96 40 
 96 50 
 96 25 
 96 18 
 96 71 
 96 78 
 96 36 
 96 67 
 96 49 
 96 7 
 96 89 
 96 58 
 96 65 
 96 88 
 96 62 
 96 38 
 97 16 
 97 21 
 97 28 
 97 29 
 97 60 
 97 81 
 97 48 
 97 78 
 97 98 
 97 26 
 98 12 
 98 14 
 98 22 
 98 47 
 98 89 
 98 44 
 98 13 
 98 78 
 98 97 
 98 17 
 99 15 
 99 24 
 99 49 
 99 68 
 99 54 
 99 11 
 100 60 
 100 72 
 100 62 
 100 92 
 100 63 
 100 83 
 100 5 
 100 15 
