 100 1656
 1 63 
 1 90 
 1 61 
 1 26 
 1 62 
 1 76 
 1 46 
 1 28 
 1 27 
 1 38 
 1 45 
 1 97 
 1 53 
 1 19 
 1 34 
 1 35 
 1 6 
 1 7 
 1 14 
 1 18 
 1 23 
 1 59 
 1 86 
 1 92 
 2 20 
 2 3 
 2 43 
 2 81 
 2 7 
 2 67 
 2 99 
 2 5 
 2 76 
 2 90 
 2 85 
 2 29 
 2 4 
 2 10 
 2 18 
 2 21 
 2 28 
 2 50 
 2 53 
 2 57 
 2 80 
 2 88 
 3 2 
 3 10 
 3 73 
 3 22 
 3 82 
 3 75 
 3 6 
 3 7 
 3 12 
 3 30 
 3 37 
 3 53 
 3 70 
 3 78 
 4 56 
 4 41 
 4 2 
 4 44 
 4 15 
 4 22 
 4 28 
 4 36 
 4 58 
 4 67 
 4 71 
 4 81 
 4 87 
 4 43 
 5 2 
 5 36 
 5 99 
 5 97 
 5 8 
 5 35 
 5 22 
 5 58 
 5 67 
 5 72 
 5 78 
 5 80 
 5 86 
 5 92 
 6 74 
 6 70 
 6 34 
 6 89 
 6 100 
 6 3 
 6 83 
 6 81 
 6 86 
 6 79 
 6 35 
 6 33 
 6 64 
 6 1 
 6 23 
 6 25 
 6 30 
 6 50 
 6 72 
 6 84 
 7 2 
 7 33 
 7 54 
 7 16 
 7 26 
 7 76 
 7 8 
 7 77 
 7 10 
 7 51 
 7 3 
 7 1 
 7 79 
 7 36 
 7 62 
 7 35 
 7 9 
 7 90 
 7 94 
 7 91 
 7 32 
 7 34 
 7 82 
 7 87 
 8 5 
 8 7 
 8 39 
 8 68 
 8 12 
 8 19 
 8 72 
 8 29 
 8 34 
 8 11 
 8 92 
 8 14 
 8 18 
 8 20 
 8 28 
 8 37 
 8 42 
 8 49 
 8 57 
 8 87 
 9 7 
 9 54 
 9 25 
 9 50 
 9 58 
 9 66 
 9 80 
 9 24 
 10 3 
 10 7 
 10 54 
 10 36 
 10 52 
 10 12 
 10 24 
 10 46 
 10 2 
 10 41 
 10 15 
 10 21 
 10 22 
 10 29 
 10 38 
 10 39 
 10 49 
 10 56 
 10 83 
 10 55 
 11 8 
 11 89 
 11 63 
 11 78 
 11 54 
 11 34 
 11 68 
 11 33 
 11 84 
 11 67 
 11 16 
 11 24 
 11 40 
 11 42 
 11 18 
 11 22 
 11 46 
 11 58 
 11 97 
 11 47 
 12 8 
 12 10 
 12 82 
 12 90 
 12 73 
 12 3 
 12 17 
 12 19 
 12 23 
 12 34 
 12 39 
 12 66 
 12 71 
 12 20 
 13 90 
 13 94 
 13 43 
 13 81 
 13 22 
 13 34 
 13 37 
 13 39 
 13 49 
 13 67 
 13 84 
 13 59 
 14 52 
 14 26 
 14 96 
 14 74 
 14 22 
 14 76 
 14 46 
 14 36 
 14 8 
 14 43 
 14 47 
 14 33 
 14 77 
 14 41 
 14 17 
 14 1 
 14 93 
 15 17 
 15 32 
 15 34 
 15 100 
 15 97 
 15 81 
 15 70 
 15 24 
 15 56 
 15 58 
 15 77 
 15 41 
 15 26 
 15 96 
 15 68 
 15 10 
 15 88 
 15 52 
 15 4 
 15 31 
 15 19 
 15 30 
 15 36 
 15 39 
 15 45 
 15 42 
 16 7 
 16 11 
 16 72 
 16 55 
 16 17 
 16 20 
 16 26 
 16 29 
 16 38 
 16 80 
 16 86 
 16 88 
 17 14 
 17 15 
 17 97 
 17 12 
 17 16 
 17 98 
 17 22 
 17 28 
 17 57 
 17 59 
 17 71 
 17 86 
 18 71 
 18 44 
 18 22 
 18 2 
 18 52 
 18 31 
 18 72 
 18 1 
 18 8 
 18 77 
 18 35 
 18 26 
 18 11 
 18 47 
 18 19 
 18 28 
 18 39 
 18 86 
 18 87 
 18 76 
 19 1 
 19 8 
 19 31 
 19 18 
 19 15 
 19 81 
 19 41 
 19 38 
 19 12 
 19 86 
 19 20 
 19 40 
 19 49 
 19 58 
 19 72 
 19 78 
 20 2 
 20 8 
 20 16 
 20 39 
 20 19 
 20 38 
 20 27 
 20 32 
 20 35 
 20 37 
 20 42 
 20 48 
 20 49 
 20 60 
 20 65 
 20 12 
 21 25 
 21 54 
 21 10 
 21 73 
 21 93 
 21 64 
 21 26 
 21 2 
 21 88 
 21 47 
 21 34 
 21 41 
 21 91 
 21 35 
 21 48 
 21 49 
 22 3 
 22 14 
 22 18 
 22 23 
 22 52 
 22 4 
 22 17 
 22 36 
 22 80 
 22 10 
 22 30 
 22 45 
 22 89 
 22 5 
 22 11 
 22 70 
 22 35 
 22 13 
 22 69 
 22 74 
 22 37 
 22 38 
 22 57 
 22 71 
 22 72 
 22 50 
 23 22 
 23 88 
 23 87 
 23 53 
 23 25 
 23 71 
 23 12 
 23 1 
 23 82 
 23 79 
 23 99 
 23 100 
 23 45 
 23 6 
 23 36 
 23 64 
 23 95 
 23 29 
 24 10 
 24 11 
 24 15 
 24 53 
 24 56 
 24 97 
 24 100 
 24 9 
 25 21 
 25 23 
 25 89 
 25 80 
 25 57 
 25 6 
 25 35 
 25 9 
 25 42 
 25 87 
 25 100 
 25 38 
 25 77 
 25 47 
 25 49 
 25 73 
 25 29 
 25 30 
 25 31 
 25 34 
 25 37 
 25 45 
 25 48 
 25 50 
 25 58 
 25 60 
 25 65 
 25 93 
 26 1 
 26 7 
 26 14 
 26 15 
 26 18 
 26 21 
 26 69 
 26 64 
 26 59 
 26 58 
 26 29 
 26 60 
 26 32 
 26 85 
 26 40 
 26 76 
 26 47 
 26 16 
 26 87 
 26 44 
 26 31 
 26 37 
 26 41 
 26 48 
 26 70 
 26 72 
 26 91 
 26 92 
 27 1 
 27 55 
 27 48 
 27 20 
 27 37 
 27 80 
 28 1 
 28 30 
 28 53 
 28 67 
 28 90 
 28 33 
 28 64 
 28 50 
 28 2 
 28 76 
 28 91 
 28 99 
 28 61 
 28 43 
 28 17 
 28 44 
 28 8 
 28 4 
 28 69 
 28 18 
 28 39 
 28 56 
 28 65 
 28 100 
 29 2 
 29 8 
 29 26 
 29 16 
 29 10 
 29 61 
 29 31 
 29 64 
 29 25 
 29 100 
 29 50 
 29 62 
 29 66 
 29 82 
 29 87 
 29 93 
 29 95 
 29 23 
 30 22 
 30 28 
 30 15 
 30 62 
 30 3 
 30 60 
 30 73 
 30 32 
 30 83 
 30 55 
 30 25 
 30 74 
 30 53 
 30 85 
 30 6 
 30 84 
 30 67 
 30 63 
 30 61 
 30 81 
 31 15 
 31 18 
 31 19 
 31 29 
 31 94 
 31 48 
 31 61 
 31 25 
 31 73 
 31 42 
 31 52 
 31 26 
 31 99 
 31 82 
 31 34 
 31 39 
 31 56 
 31 69 
 31 76 
 31 92 
 31 97 
 32 15 
 32 26 
 32 30 
 32 93 
 32 7 
 32 20 
 32 58 
 32 98 
 32 89 
 32 84 
 32 37 
 32 38 
 32 39 
 32 45 
 32 64 
 32 78 
 33 6 
 33 7 
 33 11 
 33 14 
 33 28 
 33 45 
 33 60 
 33 72 
 34 1 
 34 6 
 34 8 
 34 11 
 34 15 
 34 21 
 34 62 
 34 92 
 34 25 
 34 83 
 34 13 
 34 35 
 34 31 
 34 66 
 34 44 
 34 12 
 34 7 
 34 76 
 34 48 
 34 88 
 34 95 
 35 1 
 35 5 
 35 6 
 35 7 
 35 18 
 35 22 
 35 25 
 35 34 
 35 90 
 35 43 
 35 20 
 35 21 
 35 64 
 35 69 
 35 81 
 35 84 
 35 95 
 35 65 
 36 5 
 36 7 
 36 10 
 36 14 
 36 22 
 36 84 
 36 92 
 36 55 
 36 89 
 36 98 
 36 42 
 36 4 
 36 15 
 36 23 
 36 69 
 36 67 
 36 45 
 36 57 
 36 58 
 36 59 
 36 80 
 36 97 
 37 81 
 37 20 
 37 27 
 37 26 
 37 3 
 37 25 
 37 69 
 37 83 
 37 32 
 37 13 
 37 90 
 37 8 
 37 22 
 37 89 
 37 98 
 37 54 
 37 38 
 37 58 
 37 65 
 37 67 
 38 1 
 38 19 
 38 20 
 38 25 
 38 16 
 38 37 
 38 45 
 38 32 
 38 55 
 38 10 
 38 72 
 38 22 
 38 79 
 38 92 
 38 62 
 38 74 
 38 46 
 38 47 
 38 56 
 38 64 
 38 93 
 38 95 
 39 8 
 39 20 
 39 77 
 39 15 
 39 81 
 39 47 
 39 64 
 39 18 
 39 10 
 39 13 
 39 28 
 39 76 
 39 95 
 39 89 
 39 12 
 39 43 
 39 54 
 39 32 
 39 31 
 39 70 
 39 50 
 39 56 
 39 59 
 39 86 
 40 11 
 40 26 
 40 74 
 40 55 
 40 19 
 40 93 
 40 62 
 40 49 
 40 46 
 40 97 
 41 4 
 41 10 
 41 14 
 41 15 
 41 19 
 41 21 
 41 79 
 41 92 
 41 81 
 41 62 
 41 63 
 41 66 
 41 71 
 41 26 
 41 58 
 41 64 
 41 70 
 41 80 
 41 85 
 41 72 
 42 11 
 42 25 
 42 31 
 42 36 
 42 73 
 42 79 
 42 20 
 42 88 
 42 64 
 42 50 
 42 47 
 42 90 
 42 74 
 42 8 
 42 81 
 42 99 
 42 97 
 42 43 
 42 45 
 42 53 
 42 61 
 42 66 
 42 75 
 42 76 
 42 80 
 42 85 
 42 91 
 42 15 
 43 2 
 43 13 
 43 14 
 43 28 
 43 35 
 43 39 
 43 42 
 43 46 
 43 69 
 43 72 
 43 82 
 43 91 
 43 92 
 43 4 
 44 4 
 44 18 
 44 26 
 44 28 
 44 34 
 44 58 
 44 64 
 44 66 
 44 86 
 44 88 
 45 1 
 45 22 
 45 23 
 45 36 
 45 38 
 45 25 
 45 77 
 45 32 
 45 33 
 45 63 
 45 42 
 45 60 
 45 15 
 45 89 
 45 47 
 45 48 
 45 59 
 45 61 
 46 1 
 46 10 
 46 14 
 46 43 
 46 90 
 46 50 
 46 51 
 46 38 
 46 53 
 46 52 
 46 40 
 46 77 
 46 81 
 46 11 
 46 60 
 46 67 
 46 93 
 46 97 
 47 14 
 47 18 
 47 21 
 47 25 
 47 26 
 47 39 
 47 42 
 47 92 
 47 68 
 47 45 
 47 82 
 47 54 
 47 38 
 47 77 
 47 53 
 47 94 
 47 58 
 47 80 
 47 81 
 47 11 
 48 27 
 48 31 
 48 20 
 48 99 
 48 34 
 48 25 
 48 45 
 48 84 
 48 21 
 48 90 
 48 61 
 48 86 
 48 68 
 48 57 
 48 54 
 48 70 
 48 26 
 48 55 
 48 63 
 48 87 
 48 58 
 48 92 
 49 25 
 49 40 
 49 13 
 49 51 
 49 95 
 49 8 
 49 55 
 49 77 
 49 76 
 49 72 
 49 20 
 49 64 
 49 73 
 49 21 
 49 10 
 49 19 
 49 52 
 49 56 
 49 57 
 49 97 
 50 28 
 50 42 
 50 46 
 50 94 
 50 25 
 50 9 
 50 92 
 50 78 
 50 2 
 50 97 
 50 68 
 50 59 
 50 29 
 50 6 
 50 39 
 50 62 
 50 60 
 50 22 
 51 7 
 51 46 
 51 49 
 51 69 
 51 92 
 51 100 
 52 10 
 52 14 
 52 15 
 52 18 
 52 22 
 52 31 
 52 46 
 52 49 
 52 55 
 52 90 
 52 71 
 52 86 
 52 87 
 52 83 
 53 1 
 53 23 
 53 28 
 53 30 
 53 46 
 53 47 
 53 24 
 53 71 
 53 93 
 53 98 
 53 2 
 53 80 
 53 76 
 53 77 
 53 3 
 53 42 
 53 57 
 53 78 
 54 7 
 54 9 
 54 10 
 54 11 
 54 21 
 54 37 
 54 39 
 54 47 
 54 48 
 54 61 
 55 16 
 55 27 
 55 30 
 55 36 
 55 38 
 55 40 
 55 48 
 55 49 
 55 52 
 55 57 
 55 71 
 55 87 
 55 88 
 55 10 
 56 4 
 56 15 
 56 49 
 56 10 
 56 58 
 56 31 
 56 78 
 56 69 
 56 39 
 56 87 
 56 86 
 56 28 
 56 38 
 56 24 
 56 76 
 56 92 
 56 57 
 56 59 
 56 64 
 56 71 
 57 25 
 57 48 
 57 22 
 57 56 
 57 2 
 57 8 
 57 97 
 57 67 
 57 60 
 57 62 
 57 49 
 57 55 
 57 94 
 57 36 
 57 53 
 57 82 
 57 78 
 57 17 
 57 66 
 57 70 
 58 15 
 58 26 
 58 32 
 58 56 
 58 11 
 58 94 
 58 5 
 58 60 
 58 76 
 58 19 
 58 9 
 58 48 
 58 36 
 58 4 
 58 25 
 58 37 
 58 47 
 58 91 
 58 44 
 58 41 
 58 66 
 58 72 
 58 81 
 58 93 
 59 26 
 59 50 
 59 17 
 59 39 
 59 62 
 59 36 
 59 94 
 59 45 
 59 56 
 59 1 
 59 64 
 59 83 
 59 91 
 59 13 
 60 26 
 60 30 
 60 45 
 60 57 
 60 58 
 60 25 
 60 93 
 60 20 
 60 72 
 60 83 
 60 68 
 60 33 
 60 50 
 60 73 
 60 46 
 60 98 
 60 61 
 60 90 
 60 70 
 60 71 
 60 82 
 60 85 
 60 100 
 60 97 
 61 1 
 61 28 
 61 29 
 61 31 
 61 48 
 61 60 
 61 45 
 61 30 
 61 93 
 61 63 
 61 69 
 61 42 
 61 54 
 61 88 
 62 1 
 62 7 
 62 30 
 62 34 
 62 38 
 62 40 
 62 41 
 62 50 
 62 57 
 62 59 
 62 29 
 62 71 
 62 76 
 62 81 
 63 1 
 63 11 
 63 30 
 63 41 
 63 45 
 63 48 
 63 61 
 63 80 
 63 85 
 63 91 
 64 6 
 64 21 
 64 26 
 64 28 
 64 29 
 64 39 
 64 42 
 64 49 
 64 59 
 64 70 
 64 41 
 64 38 
 64 56 
 64 44 
 64 35 
 64 65 
 64 83 
 64 82 
 64 23 
 64 32 
 64 80 
 64 93 
 65 64 
 65 77 
 65 99 
 65 37 
 65 92 
 65 20 
 65 25 
 65 82 
 65 28 
 65 69 
 65 71 
 65 35 
 66 34 
 66 41 
 66 29 
 66 69 
 66 44 
 66 9 
 66 87 
 66 58 
 66 42 
 66 73 
 66 81 
 66 12 
 66 57 
 66 93 
 66 67 
 66 85 
 67 2 
 67 11 
 67 28 
 67 30 
 67 36 
 67 57 
 67 5 
 67 68 
 67 84 
 67 37 
 67 4 
 67 87 
 67 85 
 67 66 
 67 46 
 67 13 
 68 8 
 68 11 
 68 15 
 68 47 
 68 48 
 68 50 
 68 60 
 68 67 
 68 84 
 68 85 
 69 22 
 69 26 
 69 28 
 69 36 
 69 37 
 69 51 
 69 56 
 69 61 
 69 65 
 69 66 
 69 31 
 69 82 
 69 35 
 69 43 
 69 70 
 69 78 
 70 6 
 70 15 
 70 22 
 70 39 
 70 48 
 70 64 
 70 26 
 70 3 
 70 57 
 70 69 
 70 81 
 70 60 
 70 79 
 70 41 
 70 80 
 70 86 
 70 92 
 70 95 
 71 18 
 71 23 
 71 41 
 71 53 
 71 56 
 71 76 
 71 55 
 71 65 
 71 62 
 71 52 
 71 83 
 71 79 
 71 22 
 71 96 
 71 17 
 71 80 
 71 60 
 71 12 
 71 90 
 71 4 
 71 72 
 71 85 
 72 8 
 72 16 
 72 18 
 72 38 
 72 49 
 72 60 
 72 19 
 72 6 
 72 58 
 72 33 
 72 71 
 72 77 
 72 22 
 72 26 
 72 5 
 72 43 
 72 80 
 72 86 
 72 93 
 72 41 
 73 3 
 73 12 
 73 21 
 73 25 
 73 30 
 73 31 
 73 42 
 73 49 
 73 60 
 73 66 
 73 80 
 73 81 
 73 86 
 73 87 
 74 6 
 74 14 
 74 22 
 74 30 
 74 38 
 74 40 
 74 42 
 74 76 
 74 84 
 74 87 
 75 3 
 75 42 
 75 76 
 75 86 
 75 87 
 75 98 
 76 1 
 76 2 
 76 7 
 76 14 
 76 26 
 76 28 
 76 34 
 76 39 
 76 49 
 76 53 
 76 56 
 76 58 
 76 71 
 76 75 
 76 62 
 76 42 
 76 94 
 76 31 
 76 84 
 76 74 
 76 83 
 76 18 
 77 7 
 77 14 
 77 15 
 77 18 
 77 25 
 77 39 
 77 45 
 77 46 
 77 47 
 77 49 
 77 53 
 77 65 
 77 72 
 77 81 
 77 84 
 77 86 
 78 11 
 78 50 
 78 56 
 78 57 
 78 86 
 78 99 
 78 84 
 78 95 
 78 3 
 78 69 
 78 32 
 78 53 
 78 5 
 78 19 
 79 6 
 79 7 
 79 23 
 79 38 
 79 41 
 79 42 
 79 70 
 79 71 
 80 22 
 80 25 
 80 53 
 80 71 
 80 9 
 80 64 
 80 72 
 80 70 
 80 36 
 80 27 
 80 42 
 80 41 
 80 2 
 80 73 
 80 47 
 80 5 
 80 16 
 80 63 
 80 85 
 80 93 
 81 2 
 81 6 
 81 13 
 81 15 
 81 19 
 81 37 
 81 39 
 81 41 
 81 42 
 81 46 
 81 66 
 81 70 
 81 73 
 81 30 
 81 62 
 81 77 
 81 4 
 81 58 
 81 35 
 81 47 
 81 82 
 81 93 
 82 3 
 82 12 
 82 23 
 82 31 
 82 47 
 82 57 
 82 64 
 82 65 
 82 69 
 82 7 
 82 60 
 82 29 
 82 81 
 82 99 
 82 98 
 82 43 
 83 6 
 83 30 
 83 34 
 83 37 
 83 60 
 83 64 
 83 71 
 83 76 
 83 10 
 83 59 
 83 97 
 83 52 
 84 11 
 84 30 
 84 32 
 84 36 
 84 48 
 84 67 
 84 76 
 84 78 
 84 74 
 84 6 
 84 77 
 84 68 
 84 94 
 84 100 
 84 13 
 84 35 
 85 2 
 85 26 
 85 30 
 85 67 
 85 66 
 85 95 
 85 41 
 85 42 
 85 80 
 85 68 
 85 63 
 85 71 
 85 60 
 85 93 
 86 6 
 86 19 
 86 48 
 86 56 
 86 78 
 86 5 
 86 77 
 86 16 
 86 92 
 86 73 
 86 72 
 86 39 
 86 1 
 86 52 
 86 70 
 86 17 
 86 44 
 86 75 
 86 91 
 86 18 
 86 95 
 87 23 
 87 25 
 87 26 
 87 48 
 87 56 
 87 66 
 87 67 
 87 73 
 87 74 
 87 7 
 87 55 
 87 4 
 87 52 
 87 29 
 87 18 
 87 75 
 87 89 
 87 8 
 88 15 
 88 21 
 88 23 
 88 42 
 88 99 
 88 61 
 88 55 
 88 44 
 88 34 
 88 2 
 88 97 
 88 16 
 89 6 
 89 11 
 89 22 
 89 25 
 89 32 
 89 36 
 89 37 
 89 39 
 89 45 
 89 87 
 90 1 
 90 2 
 90 7 
 90 12 
 90 13 
 90 28 
 90 35 
 90 37 
 90 42 
 90 46 
 90 48 
 90 52 
 90 60 
 90 71 
 91 7 
 91 21 
 91 28 
 91 58 
 91 86 
 91 26 
 91 63 
 91 59 
 91 43 
 91 42 
 91 97 
 91 100 
 92 8 
 92 34 
 92 36 
 92 38 
 92 41 
 92 47 
 92 50 
 92 56 
 92 65 
 92 86 
 92 31 
 92 43 
 92 26 
 92 5 
 92 70 
 92 51 
 92 1 
 92 48 
 93 21 
 93 32 
 93 40 
 93 53 
 93 60 
 93 61 
 93 66 
 93 85 
 93 38 
 93 81 
 93 58 
 93 80 
 93 29 
 93 64 
 93 14 
 93 46 
 93 96 
 93 72 
 93 97 
 93 25 
 94 7 
 94 13 
 94 31 
 94 47 
 94 50 
 94 57 
 94 58 
 94 59 
 94 76 
 94 84 
 95 39 
 95 49 
 95 78 
 95 85 
 95 100 
 95 86 
 95 70 
 95 34 
 95 23 
 95 35 
 95 38 
 95 29 
 96 14 
 96 15 
 96 71 
 96 93 
 97 1 
 97 5 
 97 15 
 97 17 
 97 42 
 97 50 
 97 57 
 97 36 
 97 49 
 97 31 
 97 24 
 97 40 
 97 93 
 97 83 
 97 91 
 97 88 
 97 46 
 97 11 
 97 100 
 97 60 
 98 17 
 98 32 
 98 36 
 98 37 
 98 53 
 98 60 
 98 82 
 98 75 
 99 2 
 99 5 
 99 23 
 99 28 
 99 31 
 99 42 
 99 48 
 99 65 
 99 78 
 99 82 
 99 88 
 99 100 
 100 6 
 100 15 
 100 23 
 100 25 
 100 29 
 100 84 
 100 95 
 100 60 
 100 24 
 100 51 
 100 28 
 100 91 
 100 97 
 100 99 
