 100 747
 1 77 
 1 96 
 1 27 
 1 9 
 1 70 
 1 84 
 1 40 
 1 39 
 1 47 
 1 63 
 1 73 
 1 29 
 1 12 
 1 4 
 1 2 
 1 10 
 1 36 
 1 44 
 1 53 
 1 66 
 1 72 
 1 86 
 1 92 
 1 93 
 2 54 
 2 33 
 2 22 
 2 99 
 2 49 
 2 19 
 2 1 
 2 90 
 2 13 
 2 16 
 2 31 
 2 42 
 2 63 
 2 79 
 3 93 
 3 87 
 3 88 
 3 96 
 3 22 
 3 33 
 3 36 
 3 68 
 3 70 
 3 9 
 4 1 
 4 28 
 4 87 
 4 80 
 4 57 
 4 52 
 4 66 
 4 22 
 4 43 
 4 75 
 4 56 
 4 12 
 4 77 
 4 96 
 4 7 
 4 24 
 4 25 
 4 61 
 5 68 
 5 53 
 5 12 
 5 24 
 5 6 
 5 81 
 5 38 
 5 9 
 5 69 
 5 96 
 5 16 
 5 17 
 5 18 
 5 21 
 5 29 
 5 55 
 5 61 
 5 72 
 5 90 
 5 47 
 6 5 
 6 73 
 6 68 
 6 97 
 6 17 
 6 29 
 6 32 
 6 57 
 6 78 
 6 34 
 6 27 
 6 53 
 6 61 
 6 65 
 6 82 
 6 67 
 7 17 
 7 46 
 7 75 
 7 85 
 7 34 
 7 4 
 7 95 
 7 77 
 7 72 
 7 84 
 7 80 
 7 26 
 7 13 
 7 15 
 7 18 
 7 25 
 7 27 
 7 29 
 7 41 
 7 45 
 7 53 
 7 68 
 7 69 
 7 70 
 7 91 
 7 22 
 8 59 
 8 92 
 8 79 
 8 22 
 8 16 
 8 25 
 8 33 
 8 38 
 8 71 
 8 97 
 9 1 
 9 5 
 9 18 
 9 19 
 9 33 
 9 35 
 9 46 
 9 47 
 9 60 
 9 62 
 9 80 
 9 82 
 9 92 
 9 3 
 10 50 
 10 56 
 10 91 
 10 47 
 10 95 
 10 94 
 10 73 
 10 1 
 10 49 
 10 66 
 10 89 
 10 46 
 10 27 
 10 36 
 10 57 
 10 61 
 10 69 
 10 71 
 11 49 
 11 18 
 11 87 
 11 90 
 11 27 
 11 31 
 11 38 
 11 51 
 12 1 
 12 4 
 12 5 
 12 16 
 12 25 
 12 45 
 12 62 
 12 74 
 12 79 
 12 86 
 13 37 
 13 94 
 13 68 
 13 82 
 13 34 
 13 42 
 13 92 
 13 2 
 13 39 
 13 18 
 13 7 
 13 81 
 13 16 
 13 25 
 13 29 
 13 57 
 13 72 
 13 86 
 14 64 
 14 94 
 14 54 
 14 99 
 14 69 
 14 39 
 14 58 
 14 43 
 14 15 
 14 17 
 14 33 
 14 79 
 14 91 
 14 96 
 15 87 
 15 7 
 15 14 
 15 69 
 15 64 
 15 24 
 15 21 
 15 58 
 15 25 
 15 27 
 15 16 
 15 38 
 15 26 
 15 61 
 16 15 
 16 85 
 16 70 
 16 8 
 16 13 
 16 51 
 16 2 
 16 94 
 16 29 
 16 82 
 16 99 
 16 83 
 16 68 
 16 5 
 16 20 
 16 27 
 16 43 
 16 18 
 16 12 
 16 72 
 16 17 
 16 19 
 16 32 
 16 36 
 16 45 
 16 90 
 17 6 
 17 7 
 17 41 
 17 42 
 17 39 
 17 81 
 17 16 
 17 71 
 17 84 
 17 100 
 17 22 
 17 58 
 17 20 
 17 5 
 17 99 
 17 14 
 17 76 
 17 77 
 17 67 
 17 86 
 17 63 
 17 32 
 18 11 
 18 13 
 18 16 
 18 63 
 18 31 
 18 19 
 18 34 
 18 5 
 18 82 
 18 67 
 18 78 
 18 92 
 18 35 
 18 32 
 18 37 
 18 7 
 18 9 
 18 83 
 18 73 
 18 59 
 18 22 
 18 29 
 18 64 
 18 80 
 18 86 
 18 90 
 19 2 
 19 18 
 19 100 
 19 31 
 19 70 
 19 50 
 19 96 
 19 9 
 19 39 
 19 53 
 19 16 
 19 81 
 19 56 
 19 63 
 19 82 
 19 85 
 20 16 
 20 17 
 20 44 
 20 63 
 20 29 
 20 36 
 20 41 
 20 45 
 20 51 
 20 69 
 20 79 
 20 86 
 20 97 
 20 99 
 21 15 
 21 33 
 21 52 
 21 96 
 21 42 
 21 5 
 21 39 
 21 80 
 21 31 
 21 69 
 22 2 
 22 4 
 22 8 
 22 17 
 22 49 
 22 74 
 22 83 
 22 18 
 22 40 
 22 59 
 22 96 
 22 100 
 22 81 
 22 73 
 22 44 
 22 3 
 22 23 
 22 78 
 22 25 
 22 27 
 22 33 
 22 35 
 22 56 
 22 71 
 22 92 
 22 7 
 23 22 
 23 98 
 23 29 
 23 24 
 23 36 
 23 60 
 23 71 
 23 92 
 23 97 
 23 43 
 24 5 
 24 15 
 24 23 
 24 98 
 24 46 
 24 32 
 24 28 
 24 65 
 24 42 
 24 4 
 24 67 
 24 97 
 24 63 
 24 73 
 24 26 
 24 35 
 24 45 
 24 70 
 24 93 
 24 72 
 25 15 
 25 8 
 25 13 
 25 41 
 25 4 
 25 7 
 25 22 
 25 86 
 25 90 
 25 12 
 25 38 
 25 84 
 25 91 
 25 61 
 25 54 
 25 81 
 25 31 
 25 32 
 25 57 
 25 97 
 26 7 
 26 27 
 26 59 
 26 73 
 26 80 
 26 15 
 26 81 
 26 29 
 26 40 
 26 24 
 26 43 
 26 45 
 26 54 
 26 76 
 27 1 
 27 15 
 27 16 
 27 26 
 27 70 
 27 35 
 27 89 
 27 22 
 27 7 
 27 10 
 27 36 
 27 11 
 27 44 
 27 56 
 27 28 
 27 6 
 27 49 
 27 38 
 27 68 
 27 81 
 27 31 
 27 71 
 27 91 
 27 97 
 28 4 
 28 24 
 28 27 
 28 29 
 28 33 
 28 51 
 28 53 
 28 60 
 28 72 
 28 75 
 28 96 
 28 78 
 29 1 
 29 6 
 29 16 
 29 23 
 29 26 
 29 48 
 29 13 
 29 34 
 29 40 
 29 35 
 29 28 
 29 7 
 29 79 
 29 98 
 29 5 
 29 55 
 29 70 
 29 58 
 29 20 
 29 18 
 29 47 
 29 67 
 29 86 
 29 50 
 30 92 
 30 42 
 30 56 
 30 67 
 30 82 
 30 62 
 31 18 
 31 19 
 31 11 
 31 56 
 31 48 
 31 97 
 31 21 
 31 99 
 31 25 
 31 68 
 31 61 
 31 90 
 31 36 
 31 27 
 31 98 
 31 87 
 31 2 
 31 79 
 31 32 
 31 53 
 31 57 
 31 65 
 31 67 
 31 80 
 31 100 
 31 51 
 32 6 
 32 18 
 32 24 
 32 31 
 32 48 
 32 16 
 32 74 
 32 25 
 32 33 
 32 37 
 32 47 
 32 87 
 32 40 
 32 58 
 32 97 
 32 85 
 32 52 
 32 65 
 32 50 
 32 69 
 32 71 
 32 17 
 33 2 
 33 21 
 33 32 
 33 67 
 33 56 
 33 22 
 33 64 
 33 55 
 33 14 
 33 8 
 33 9 
 33 59 
 33 85 
 33 100 
 33 38 
 33 3 
 33 58 
 33 28 
 33 53 
 33 90 
 33 96 
 33 36 
 34 6 
 34 7 
 34 13 
 34 18 
 34 29 
 34 51 
 34 53 
 34 57 
 34 65 
 34 67 
 34 82 
 34 97 
 35 18 
 35 27 
 35 29 
 35 50 
 35 40 
 35 22 
 35 88 
 35 47 
 35 9 
 35 24 
 35 43 
 35 51 
 35 53 
 35 66 
 36 27 
 36 31 
 36 50 
 36 60 
 36 81 
 36 23 
 36 47 
 36 80 
 36 10 
 36 49 
 36 55 
 36 1 
 36 51 
 36 16 
 36 48 
 36 75 
 36 67 
 36 3 
 36 20 
 36 88 
 36 70 
 36 33 
 37 13 
 37 18 
 37 32 
 37 88 
 37 75 
 37 82 
 37 50 
 37 57 
 37 62 
 37 52 
 38 5 
 38 15 
 38 25 
 38 27 
 38 33 
 38 85 
 38 8 
 38 48 
 38 58 
 38 98 
 38 68 
 38 89 
 38 92 
 38 11 
 38 51 
 38 57 
 38 88 
 38 70 
 38 50 
 38 56 
 38 66 
 38 72 
 38 79 
 38 97 
 39 1 
 39 13 
 39 14 
 39 17 
 39 19 
 39 21 
 39 45 
 39 63 
 39 71 
 39 76 
 39 82 
 39 86 
 39 96 
 39 80 
 40 1 
 40 22 
 40 26 
 40 29 
 40 32 
 40 35 
 40 47 
 40 51 
 41 17 
 41 25 
 41 75 
 41 61 
 41 20 
 41 95 
 41 7 
 41 94 
 41 47 
 41 51 
 41 53 
 41 67 
 41 72 
 41 82 
 42 13 
 42 17 
 42 21 
 42 24 
 42 30 
 42 47 
 42 57 
 42 97 
 42 48 
 42 2 
 42 53 
 42 73 
 42 80 
 42 86 
 43 4 
 43 14 
 43 16 
 43 26 
 43 89 
 43 35 
 43 72 
 43 68 
 43 60 
 43 74 
 43 96 
 43 23 
 44 20 
 44 22 
 44 27 
 44 1 
 44 47 
 44 69 
 44 91 
 44 77 
 45 26 
 45 12 
 45 49 
 45 73 
 45 20 
 45 16 
 45 7 
 45 95 
 45 61 
 45 62 
 45 24 
 45 39 
 45 81 
 45 68 
 45 50 
 45 51 
 45 67 
 45 74 
 45 97 
 45 100 
 46 7 
 46 10 
 46 24 
 46 87 
 46 55 
 46 47 
 46 90 
 46 9 
 46 60 
 46 62 
 46 63 
 46 72 
 46 100 
 46 60 
 47 1 
 47 10 
 47 32 
 47 35 
 47 36 
 47 42 
 47 46 
 47 70 
 47 41 
 47 40 
 47 44 
 47 29 
 47 60 
 47 9 
 47 68 
 47 52 
 47 53 
 47 61 
 47 95 
 47 5 
 48 29 
 48 31 
 48 32 
 48 36 
 48 38 
 48 42 
 48 50 
 48 67 
 48 70 
 48 91 
 49 2 
 49 10 
 49 11 
 49 22 
 49 27 
 49 36 
 49 45 
 49 79 
 49 76 
 49 90 
 49 77 
 49 52 
 49 68 
 49 65 
 50 10 
 50 19 
 50 35 
 50 36 
 50 45 
 50 52 
 50 83 
 50 37 
 50 76 
 50 38 
 50 32 
 50 48 
 50 56 
 50 60 
 50 61 
 50 70 
 50 96 
 50 29 
 51 16 
 51 36 
 51 38 
 51 84 
 51 35 
 51 34 
 51 20 
 51 78 
 51 55 
 51 63 
 51 41 
 51 45 
 51 40 
 51 99 
 51 28 
 51 11 
 51 54 
 51 80 
 51 79 
 51 67 
 51 64 
 51 69 
 51 71 
 51 82 
 51 92 
 51 31 
 52 4 
 52 21 
 52 32 
 52 47 
 52 49 
 52 50 
 52 90 
 52 91 
 52 97 
 52 37 
 53 5 
 53 19 
 53 47 
 53 1 
 53 28 
 53 67 
 53 6 
 53 79 
 53 33 
 53 31 
 53 34 
 53 35 
 53 58 
 53 61 
 53 55 
 53 41 
 53 99 
 53 84 
 53 7 
 53 42 
 53 62 
 53 69 
 54 2 
 54 14 
 54 25 
 54 51 
 54 58 
 54 26 
 54 76 
 54 65 
 54 55 
 54 79 
 54 92 
 54 89 
 54 66 
 54 69 
 54 71 
 54 91 
 54 99 
 54 68 
 55 29 
 55 33 
 55 36 
 55 46 
 55 51 
 55 53 
 55 54 
 55 5 
 55 63 
 55 90 
 56 4 
 56 10 
 56 27 
 56 31 
 56 33 
 56 81 
 56 95 
 56 60 
 56 91 
 56 22 
 56 38 
 56 94 
 56 30 
 56 19 
 56 70 
 56 50 
 56 65 
 56 71 
 56 90 
 56 57 
 57 4 
 57 6 
 57 38 
 57 42 
 57 98 
 57 83 
 57 37 
 57 25 
 57 97 
 57 96 
 57 34 
 57 82 
 57 31 
 57 61 
 57 10 
 57 13 
 57 63 
 57 69 
 57 78 
 57 56 
 58 14 
 58 15 
 58 17 
 58 29 
 58 32 
 58 33 
 58 38 
 58 53 
 58 54 
 58 83 
 58 72 
 58 79 
 58 82 
 58 100 
 59 8 
 59 18 
 59 22 
 59 26 
 59 33 
 59 82 
 60 36 
 60 47 
 60 56 
 60 83 
 60 72 
 60 28 
 60 50 
 60 43 
 60 46 
 60 23 
 60 71 
 60 9 
 60 69 
 60 46 
 61 25 
 61 31 
 61 41 
 61 45 
 61 53 
 61 57 
 61 5 
 61 15 
 61 10 
 61 6 
 61 50 
 61 47 
 61 67 
 61 71 
 61 72 
 61 96 
 61 100 
 61 4 
 62 45 
 62 12 
 62 37 
 62 46 
 62 9 
 62 53 
 62 90 
 62 30 
 63 1 
 63 18 
 63 20 
 63 24 
 63 51 
 63 64 
 63 81 
 63 2 
 63 55 
 63 57 
 63 19 
 63 77 
 63 39 
 63 17 
 63 70 
 63 46 
 63 80 
 63 97 
 63 91 
 63 92 
 64 14 
 64 15 
 64 33 
 64 63 
 64 51 
 64 18 
 64 79 
 64 90 
 64 95 
 64 97 
 65 24 
 65 32 
 65 54 
 65 6 
 65 34 
 65 31 
 65 56 
 65 76 
 65 91 
 65 96 
 65 99 
 65 49 
 66 4 
 66 10 
 66 38 
 66 35 
 66 1 
 66 54 
 66 87 
 66 98 
 66 74 
 66 92 
 67 17 
 67 18 
 67 24 
 67 33 
 67 36 
 67 51 
 67 53 
 67 34 
 67 29 
 67 48 
 67 45 
 67 30 
 67 75 
 67 31 
 67 61 
 67 41 
 67 86 
 67 6 
 68 5 
 68 6 
 68 13 
 68 16 
 68 27 
 68 31 
 68 38 
 68 43 
 68 45 
 68 47 
 68 69 
 68 3 
 68 95 
 68 79 
 68 80 
 68 7 
 68 49 
 68 83 
 68 90 
 68 99 
 68 100 
 68 54 
 69 5 
 69 14 
 69 15 
 69 68 
 69 51 
 69 79 
 69 10 
 69 95 
 69 54 
 69 21 
 69 57 
 69 7 
 69 60 
 69 71 
 69 44 
 69 85 
 69 80 
 69 20 
 69 53 
 69 32 
 69 82 
 69 70 
 70 1 
 70 16 
 70 19 
 70 27 
 70 29 
 70 38 
 70 47 
 70 56 
 70 63 
 70 7 
 70 78 
 70 24 
 70 94 
 70 48 
 70 36 
 70 100 
 70 3 
 70 77 
 70 97 
 70 50 
 70 75 
 70 69 
 71 17 
 71 60 
 71 69 
 71 54 
 71 61 
 71 8 
 71 27 
 71 85 
 71 32 
 71 56 
 71 51 
 71 73 
 71 39 
 71 22 
 71 23 
 71 87 
 71 72 
 71 82 
 71 96 
 71 10 
 72 7 
 72 16 
 72 43 
 72 60 
 72 41 
 72 58 
 72 38 
 72 28 
 72 61 
 72 1 
 72 74 
 72 71 
 72 99 
 72 73 
 72 46 
 72 90 
 72 13 
 72 5 
 72 91 
 72 24 
 73 1 
 73 6 
 73 10 
 73 18 
 73 22 
 73 24 
 73 26 
 73 45 
 73 71 
 73 72 
 73 91 
 73 42 
 74 22 
 74 32 
 74 72 
 74 85 
 74 45 
 74 12 
 74 43 
 74 66 
 74 90 
 74 87 
 75 4 
 75 7 
 75 36 
 75 37 
 75 41 
 75 67 
 75 70 
 75 28 
 75 79 
 75 99 
 76 17 
 76 49 
 76 50 
 76 54 
 76 65 
 76 39 
 76 26 
 76 88 
 77 1 
 77 4 
 77 7 
 77 17 
 77 49 
 77 63 
 77 70 
 77 44 
 78 6 
 78 18 
 78 22 
 78 51 
 78 70 
 78 98 
 78 81 
 78 57 
 78 80 
 78 28 
 79 8 
 79 29 
 79 31 
 79 49 
 79 51 
 79 53 
 79 54 
 79 68 
 79 69 
 79 58 
 79 87 
 79 75 
 79 84 
 79 64 
 79 14 
 79 96 
 79 20 
 79 38 
 79 2 
 79 12 
 79 86 
 79 97 
 80 4 
 80 7 
 80 21 
 80 26 
 80 36 
 80 51 
 80 63 
 80 68 
 80 69 
 80 9 
 80 31 
 80 18 
 80 78 
 80 42 
 80 96 
 80 39 
 81 5 
 81 13 
 81 17 
 81 19 
 81 22 
 81 25 
 81 26 
 81 27 
 81 36 
 81 45 
 81 56 
 81 63 
 81 78 
 81 93 
 82 13 
 82 16 
 82 18 
 82 37 
 82 57 
 82 86 
 82 98 
 82 58 
 82 71 
 82 34 
 82 19 
 82 6 
 82 59 
 82 9 
 82 51 
 82 90 
 82 69 
 82 41 
 82 30 
 82 39 
 83 16 
 83 18 
 83 22 
 83 50 
 83 57 
 83 58 
 83 60 
 83 68 
 83 97 
 83 98 
 84 1 
 84 7 
 84 17 
 84 25 
 84 51 
 84 53 
 84 79 
 84 86 
 84 99 
 84 93 
 85 7 
 85 16 
 85 32 
 85 33 
 85 38 
 85 69 
 85 71 
 85 74 
 85 91 
 85 19 
 86 17 
 86 25 
 86 82 
 86 95 
 86 67 
 86 1 
 86 42 
 86 89 
 86 39 
 86 20 
 86 29 
 86 84 
 86 18 
 86 13 
 86 79 
 86 12 
 87 3 
 87 4 
 87 11 
 87 15 
 87 31 
 87 32 
 87 46 
 87 66 
 87 71 
 87 79 
 87 91 
 87 74 
 88 3 
 88 35 
 88 36 
 88 37 
 88 38 
 88 76 
 89 10 
 89 27 
 89 38 
 89 43 
 89 54 
 89 86 
 89 99 
 89 94 
 90 2 
 90 11 
 90 25 
 90 31 
 90 46 
 90 49 
 90 72 
 90 82 
 90 52 
 90 55 
 90 33 
 90 18 
 90 64 
 90 74 
 90 62 
 90 96 
 90 5 
 90 68 
 90 16 
 90 56 
 91 10 
 91 25 
 91 56 
 91 73 
 91 85 
 91 14 
 91 94 
 91 48 
 91 65 
 91 52 
 91 72 
 91 7 
 91 87 
 91 63 
 91 54 
 91 27 
 91 44 
 91 93 
 92 8 
 92 13 
 92 18 
 92 30 
 92 38 
 92 54 
 92 51 
 92 22 
 92 94 
 92 1 
 92 63 
 92 23 
 92 66 
 92 9 
 93 3 
 93 91 
 93 81 
 93 24 
 93 100 
 93 1 
 93 99 
 93 84 
 94 10 
 94 13 
 94 14 
 94 16 
 94 41 
 94 56 
 94 70 
 94 89 
 94 91 
 94 92 
 95 7 
 95 10 
 95 41 
 95 45 
 95 56 
 95 68 
 95 69 
 95 86 
 95 64 
 95 47 
 96 1 
 96 3 
 96 4 
 96 5 
 96 19 
 96 21 
 96 22 
 96 57 
 96 79 
 96 90 
 96 43 
 96 14 
 96 61 
 96 50 
 96 33 
 96 28 
 96 71 
 96 39 
 96 65 
 96 80 
 97 6 
 97 24 
 97 31 
 97 32 
 97 42 
 97 57 
 97 63 
 97 70 
 97 25 
 97 8 
 97 52 
 97 27 
 97 23 
 97 34 
 97 64 
 97 79 
 97 20 
 97 45 
 97 83 
 97 38 
 98 23 
 98 24 
 98 29 
 98 31 
 98 38 
 98 57 
 98 66 
 98 78 
 98 82 
 98 83 
 99 2 
 99 14 
 99 16 
 99 17 
 99 31 
 99 51 
 99 53 
 99 72 
 99 89 
 99 68 
 99 20 
 99 65 
 99 84 
 99 75 
 99 93 
 99 54 
 100 17 
 100 19 
 100 22 
 100 33 
 100 70 
 100 93 
 100 31 
 100 61 
 100 58 
 100 68 
 100 46 
 100 45 
