 1 17
 1 72
 1 65
 1 79
 1 76
 1 9
 1 4
 1 25
 2 82
 2 14
 2 29
 2 6
 2 8
 2 34
 3 43
 3 24
 3 51
 3 58
 3 68
 3 78
 3 42
 3 19
 4 67
 4 53
 4 3
 4 51
 4 91
 4 36
 5 4
 5 58
 5 95
 5 65
 5 66
 5 84
 5 91
 5 16
 5 89
 5 77
 5 93
 5 46
 5 18
 6 2
 6 43
 6 50
 6 53
 6 40
 6 1
 7 74
 7 56
 7 79
 7 78
 7 32
 7 33
 7 91
 7 42
 7 52
 7 15
 7 75
 7 2
 7 4
 8 30
 8 49
 8 13
 8 65
 8 77
 8 40
 8 27
 8 62
 8 88
 8 26
 8 76
 8 89
 9 97
 9 2
 9 87
 9 24
 9 72
 9 57
 9 33
 9 50
 9 23
 9 20
 10 37
 10 5
 10 87
 10 100
 10 74
 10 35
 10 52
 10 66
 10 54
 10 28
 10 32
 11 8
 11 81
 11 88
 11 14
 11 65
 12 45
 12 90
 12 28
 12 98
 12 60
 12 26
 12 87
 12 81
 12 32
 12 85
 13 42
 13 76
 13 17
 13 80
 13 61
 14 42
 14 6
 14 87
 14 53
 14 96
 14 25
 15 37
 15 71
 15 98
 15 64
 15 50
 15 5
 16 10
 16 18
 16 5
 16 84
 16 8
 16 1
 16 95
 16 22
 16 69
 16 56
 16 9
 17 63
 17 5
 17 100
 17 61
 17 83
 17 71
 18 48
 18 66
 18 62
 18 91
 18 13
 18 56
 18 82
 19 55
 19 69
 19 37
 19 59
 19 32
 19 97
 19 48
 19 44
 19 24
 19 34
 20 84
 20 12
 20 81
 20 23
 20 39
 20 49
 20 98
 20 75
 20 90
 20 47
 20 100
 20 96
 21 12
 21 71
 21 7
 21 69
 21 68
 22 12
 22 54
 22 26
 22 97
 22 68
 22 94
 22 17
 22 74
 22 91
 22 83
 23 60
 23 34
 23 29
 23 36
 23 52
 24 65
 24 97
 24 21
 24 35
 24 66
 24 95
 24 69
 25 7
 25 80
 25 84
 25 10
 25 11
 26 78
 26 20
 26 61
 26 14
 26 17
 26 2
 26 79
 26 1
 26 52
 27 28
 27 26
 27 67
 27 91
 27 71
 27 2
 27 25
 28 88
 28 72
 28 86
 28 84
 28 95
 28 9
 28 54
 28 41
 29 24
 29 39
 29 4
 29 66
 29 93
 30 48
 30 52
 30 93
 30 85
 30 40
 30 64
 30 11
 30 69
 30 25
 30 37
 30 18
 30 92
 31 37
 31 6
 31 4
 31 79
 31 2
 31 84
 31 69
 31 34
 31 75
 32 13
 32 35
 32 94
 32 25
 32 87
 32 62
 32 80
 32 59
 32 64
 32 31
 32 43
 32 54
 33 18
 33 82
 33 77
 33 89
 33 16
 33 93
 33 42
 33 62
 33 74
 34 21
 34 100
 34 31
 34 53
 34 10
 34 19
 34 96
 35 31
 35 40
 35 18
 35 95
 35 70
 35 19
 35 77
 35 3
 35 34
 36 53
 36 74
 36 3
 36 83
 36 6
 37 88
 37 69
 37 20
 37 6
 37 8
 37 84
 37 81
 38 36
 38 27
 38 39
 38 95
 38 31
 38 70
 38 9
 38 78
 38 5
 38 63
 39 81
 39 20
 39 38
 39 29
 39 66
 39 28
 39 79
 39 73
 39 34
 39 57
 39 54
 40 51
 40 53
 40 36
 40 89
 40 26
 40 46
 40 19
 40 56
 40 5
 41 64
 41 99
 41 94
 41 91
 41 54
 41 92
 41 67
 41 34
 41 24
 41 50
 41 8
 42 23
 42 82
 42 35
 42 72
 42 61
 42 13
 43 81
 43 68
 43 66
 43 54
 43 42
 43 30
 43 11
 43 79
 43 38
 43 95
 43 65
 44 6
 44 83
 44 97
 44 63
 44 14
 45 67
 45 68
 45 75
 45 62
 45 10
 45 39
 45 63
 45 15
 45 4
 45 80
 45 76
 45 81
 46 57
 46 24
 46 37
 46 84
 46 51
 46 29
 47 46
 47 94
 47 34
 47 100
 47 30
 47 24
 47 18
 47 66
 47 59
 47 55
 47 73
 47 93
 48 35
 48 43
 48 11
 48 14
 48 57
 48 99
 48 40
 48 44
 48 29
 48 71
 49 18
 49 44
 49 24
 49 50
 49 17
 49 63
 49 43
 50 100
 50 28
 50 40
 50 63
 50 1
 50 26
 50 31
 50 30
 51 46
 51 92
 51 35
 51 72
 51 77
 51 3
 51 49
 52 11
 52 82
 52 57
 52 50
 52 93
 52 63
 52 33
 52 75
 52 16
 52 41
 52 95
 52 53
 52 28
 53 38
 53 81
 53 47
 53 27
 53 26
 53 86
 53 11
 53 5
 53 52
 54 80
 54 17
 54 46
 54 68
 54 56
 54 45
 55 77
 55 43
 55 12
 55 19
 55 7
 55 46
 55 21
 55 88
 56 73
 56 59
 56 53
 56 43
 56 13
 56 21
 56 47
 56 34
 57 24
 57 40
 57 82
 57 90
 57 88
 58 38
 58 66
 58 5
 58 52
 58 98
 59 36
 59 96
 59 32
 59 66
 59 27
 59 92
 59 21
 60 61
 60 71
 60 51
 60 13
 60 78
 60 42
 60 2
 61 84
 61 95
 61 76
 61 85
 61 27
 61 67
 61 51
 61 31
 61 19
 61 9
 61 69
 61 11
 61 70
 62 57
 62 61
 62 67
 62 13
 62 85
 62 100
 62 56
 62 99
 62 47
 62 87
 62 7
 62 35
 63 30
 63 94
 63 62
 63 87
 63 32
 63 28
 63 73
 63 50
 63 44
 63 16
 63 75
 63 22
 64 66
 64 55
 64 33
 64 84
 64 21
 64 57
 65 61
 65 47
 65 55
 65 8
 65 7
 65 78
 65 38
 66 70
 66 4
 66 32
 66 40
 66 100
 66 93
 66 99
 66 71
 67 42
 67 19
 67 49
 67 26
 67 69
 67 92
 68 45
 68 20
 68 49
 68 75
 68 19
 69 71
 69 10
 69 18
 69 98
 69 21
 69 50
 69 81
 69 47
 69 35
 69 91
 69 12
 69 87
 69 72
 70 95
 70 93
 70 12
 70 73
 70 66
 70 65
 70 49
 70 42
 70 87
 70 62
 70 91
 71 51
 71 42
 71 34
 71 23
 71 26
 72 17
 72 44
 72 76
 72 94
 72 38
 73 78
 73 53
 73 81
 73 16
 73 54
 74 52
 74 69
 74 47
 74 90
 74 97
 74 8
 75 25
 75 32
 75 71
 75 76
 75 3
 75 74
 75 36
 75 34
 75 93
 75 16
 75 48
 75 6
 75 19
 76 98
 76 66
 76 55
 76 85
 76 88
 76 34
 77 39
 77 55
 77 89
 77 46
 77 10
 77 31
 77 78
 77 47
 77 44
 77 32
 77 95
 77 74
 78 74
 78 26
 78 2
 78 35
 78 30
 79 56
 79 90
 79 88
 79 72
 79 22
 79 83
 79 39
 79 75
 79 93
 79 19
 79 43
 79 51
 79 91
 80 58
 80 56
 80 14
 80 22
 80 97
 80 99
 80 87
 80 41
 80 63
 80 44
 80 68
 80 50
 81 96
 81 4
 81 89
 81 24
 81 36
 81 17
 81 11
 81 23
 82 96
 82 60
 82 6
 82 61
 82 46
 82 69
 82 3
 82 11
 82 29
 83 55
 83 99
 83 45
 83 96
 83 92
 84 24
 84 1
 84 54
 84 29
 84 21
 84 23
 84 46
 84 50
 84 79
 84 20
 84 52
 84 42
 84 7
 85 57
 85 87
 85 90
 85 100
 85 79
 86 30
 86 46
 86 71
 86 35
 86 34
 86 53
 86 41
 86 3
 86 94
 86 64
 86 88
 86 55
 86 2
 87 39
 87 24
 87 91
 87 56
 87 26
 88 38
 88 80
 88 20
 88 5
 88 55
 88 74
 88 66
 88 64
 88 16
 88 93
 89 61
 89 63
 89 95
 89 23
 89 34
 89 80
 89 2
 89 87
 89 76
 90 72
 90 42
 90 38
 90 30
 90 29
 91 100
 91 62
 91 2
 91 55
 91 87
 92 65
 92 25
 92 58
 92 3
 92 71
 92 46
 92 41
 92 66
 93 98
 93 56
 93 52
 93 65
 93 66
 93 19
 94 26
 94 23
 94 65
 94 33
 94 76
 94 10
 94 51
 94 41
 94 74
 95 17
 95 57
 95 26
 95 40
 95 31
 95 25
 95 4
 95 88
 95 99
 95 24
 95 59
 96 99
 96 55
 96 59
 96 39
 96 67
 96 91
 96 11
 96 52
 97 24
 97 10
 97 35
 97 84
 97 41
 97 40
 97 33
 97 27
 97 39
 97 30
 97 74
 97 88
 97 25
 98 9
 98 97
 98 66
 98 11
 98 14
 98 33
 98 65
 98 84
 98 77
 99 35
 99 34
 99 30
 99 8
 99 48
 99 67
 99 42
 99 17
 99 62
 99 40
 99 89
 100 24
 100 33
 100 9
 100 18
 100 23
 100 42
 100 75
