 100 1522
 1 65 
 1 69 
 1 44 
 1 72 
 1 30 
 1 86 
 1 19 
 1 25 
 1 26 
 1 81 
 2 71 
 2 39 
 2 7 
 2 78 
 2 81 
 2 73 
 2 11 
 2 13 
 2 25 
 2 32 
 2 36 
 2 37 
 2 45 
 2 50 
 2 52 
 2 55 
 2 68 
 2 97 
 3 16 
 3 27 
 3 87 
 3 34 
 3 95 
 3 8 
 3 12 
 3 26 
 3 22 
 3 28 
 3 38 
 3 51 
 3 55 
 3 65 
 3 70 
 3 82 
 4 49 
 4 55 
 4 92 
 4 84 
 4 33 
 4 23 
 4 82 
 4 90 
 4 26 
 4 38 
 4 45 
 4 50 
 5 24 
 5 19 
 5 12 
 5 83 
 5 35 
 5 97 
 5 13 
 5 15 
 5 99 
 5 21 
 5 84 
 5 76 
 5 45 
 5 27 
 5 17 
 5 48 
 5 6 
 5 11 
 5 14 
 5 26 
 5 62 
 5 74 
 6 54 
 6 17 
 6 34 
 6 68 
 6 75 
 6 81 
 6 94 
 6 70 
 6 26 
 6 24 
 6 5 
 6 80 
 6 60 
 6 11 
 6 9 
 6 49 
 6 64 
 6 79 
 6 100 
 6 10 
 7 2 
 7 11 
 7 98 
 7 77 
 7 54 
 7 29 
 7 80 
 7 97 
 7 53 
 7 90 
 7 93 
 7 59 
 7 44 
 7 60 
 7 20 
 7 26 
 7 91 
 7 27 
 7 18 
 7 50 
 8 3 
 8 38 
 8 64 
 8 57 
 8 48 
 8 37 
 8 44 
 8 51 
 8 53 
 8 65 
 8 98 
 8 96 
 9 80 
 9 62 
 9 43 
 9 6 
 9 94 
 9 27 
 9 19 
 9 68 
 9 29 
 9 87 
 9 13 
 9 38 
 9 45 
 9 51 
 9 63 
 9 76 
 9 88 
 9 28 
 10 96 
 10 55 
 10 28 
 10 46 
 10 73 
 10 91 
 10 12 
 10 20 
 10 21 
 10 26 
 10 44 
 10 53 
 10 61 
 10 65 
 10 100 
 10 6 
 11 6 
 11 7 
 11 17 
 11 32 
 11 20 
 11 72 
 11 51 
 11 40 
 11 28 
 11 87 
 11 81 
 11 74 
 11 27 
 11 53 
 11 64 
 11 5 
 11 48 
 11 65 
 11 71 
 11 2 
 11 12 
 11 18 
 11 21 
 11 22 
 11 46 
 11 52 
 11 100 
 11 38 
 12 3 
 12 5 
 12 37 
 12 10 
 12 89 
 12 11 
 12 69 
 12 46 
 12 21 
 12 57 
 12 96 
 12 15 
 12 44 
 12 49 
 12 74 
 12 84 
 13 5 
 13 16 
 13 64 
 13 36 
 13 20 
 13 71 
 13 40 
 13 90 
 13 62 
 13 2 
 13 84 
 13 9 
 13 31 
 13 32 
 13 45 
 13 55 
 13 66 
 13 85 
 14 16 
 14 5 
 14 34 
 14 92 
 14 15 
 14 69 
 14 48 
 14 70 
 14 29 
 14 30 
 14 25 
 14 50 
 14 56 
 14 64 
 14 73 
 14 100 
 15 5 
 15 12 
 15 14 
 15 57 
 15 67 
 15 94 
 15 25 
 15 27 
 15 32 
 15 39 
 15 44 
 15 49 
 15 50 
 15 56 
 15 62 
 15 97 
 16 3 
 16 13 
 16 14 
 16 70 
 16 97 
 16 75 
 16 90 
 16 51 
 16 22 
 16 44 
 16 76 
 16 46 
 17 5 
 17 6 
 17 11 
 17 37 
 17 20 
 17 86 
 17 77 
 17 87 
 17 18 
 17 46 
 17 38 
 17 50 
 17 56 
 17 65 
 17 74 
 17 53 
 18 17 
 18 7 
 18 51 
 18 80 
 18 23 
 18 24 
 18 45 
 18 30 
 18 66 
 18 19 
 18 79 
 18 29 
 18 11 
 18 39 
 18 36 
 18 49 
 18 60 
 18 74 
 19 5 
 19 9 
 19 18 
 19 1 
 19 71 
 19 36 
 19 50 
 19 59 
 19 63 
 19 100 
 20 7 
 20 11 
 20 13 
 20 17 
 20 10 
 20 94 
 20 50 
 20 57 
 20 28 
 20 48 
 20 59 
 20 30 
 20 46 
 20 91 
 20 21 
 20 22 
 20 32 
 20 53 
 20 61 
 20 85 
 21 5 
 21 12 
 21 71 
 21 11 
 21 60 
 21 52 
 21 23 
 21 61 
 21 10 
 21 20 
 21 36 
 21 56 
 21 64 
 21 73 
 21 84 
 21 88 
 21 98 
 21 74 
 22 91 
 22 99 
 22 92 
 22 43 
 22 28 
 22 94 
 22 20 
 22 3 
 22 35 
 22 85 
 22 55 
 22 54 
 22 16 
 22 11 
 22 32 
 22 41 
 22 47 
 22 64 
 22 68 
 22 63 
 23 4 
 23 18 
 23 21 
 23 39 
 23 99 
 23 54 
 23 25 
 23 27 
 23 32 
 23 41 
 23 93 
 23 98 
 24 5 
 24 6 
 24 18 
 24 49 
 24 81 
 24 82 
 24 31 
 24 89 
 24 44 
 24 85 
 24 98 
 24 91 
 25 23 
 25 50 
 25 65 
 25 47 
 25 42 
 25 2 
 25 40 
 25 89 
 25 1 
 25 99 
 25 100 
 25 15 
 25 87 
 25 14 
 25 34 
 25 57 
 25 32 
 25 69 
 25 73 
 25 93 
 26 3 
 26 6 
 26 7 
 26 79 
 26 70 
 26 45 
 26 56 
 26 5 
 26 40 
 26 38 
 26 4 
 26 10 
 26 72 
 26 32 
 26 57 
 26 76 
 26 49 
 26 47 
 26 39 
 26 1 
 26 53 
 26 63 
 26 81 
 26 84 
 27 3 
 27 5 
 27 7 
 27 9 
 27 11 
 27 63 
 27 23 
 27 71 
 27 15 
 27 92 
 27 35 
 27 39 
 27 64 
 27 31 
 27 50 
 27 60 
 27 61 
 27 65 
 27 73 
 27 88 
 28 10 
 28 11 
 28 20 
 28 22 
 28 75 
 28 34 
 28 3 
 28 44 
 28 91 
 28 48 
 28 86 
 28 41 
 28 40 
 28 67 
 28 85 
 28 30 
 28 65 
 28 69 
 28 56 
 28 77 
 28 63 
 28 9 
 29 7 
 29 9 
 29 14 
 29 18 
 29 54 
 29 51 
 29 37 
 29 49 
 29 55 
 29 59 
 29 61 
 29 63 
 29 74 
 29 76 
 29 94 
 29 97 
 30 1 
 30 14 
 30 18 
 30 20 
 30 28 
 30 42 
 30 60 
 30 65 
 30 67 
 30 74 
 31 24 
 31 27 
 31 13 
 31 99 
 31 42 
 31 77 
 31 57 
 31 67 
 31 86 
 31 82 
 31 39 
 31 44 
 31 49 
 31 93 
 32 11 
 32 26 
 32 87 
 32 20 
 32 13 
 32 78 
 32 23 
 32 54 
 32 15 
 32 33 
 32 70 
 32 75 
 32 25 
 32 41 
 32 22 
 32 63 
 32 46 
 32 2 
 32 83 
 32 85 
 32 57 
 32 59 
 33 4 
 33 32 
 33 36 
 33 44 
 33 62 
 33 63 
 33 73 
 33 85 
 34 3 
 34 6 
 34 14 
 34 25 
 34 28 
 34 80 
 34 72 
 34 65 
 34 36 
 34 60 
 34 64 
 34 73 
 34 85 
 34 94 
 35 5 
 35 22 
 35 27 
 35 36 
 36 13 
 36 19 
 36 34 
 36 33 
 36 2 
 36 21 
 36 35 
 36 92 
 36 72 
 36 53 
 36 62 
 36 88 
 36 97 
 36 71 
 36 86 
 36 41 
 36 99 
 36 91 
 36 18 
 36 90 
 36 68 
 36 95 
 37 8 
 37 12 
 37 17 
 37 29 
 37 98 
 37 76 
 37 84 
 37 39 
 37 2 
 37 99 
 37 51 
 37 59 
 37 63 
 37 67 
 37 74 
 37 85 
 38 8 
 38 26 
 38 40 
 38 88 
 38 77 
 38 17 
 38 9 
 38 61 
 38 52 
 38 48 
 38 3 
 38 46 
 38 68 
 38 72 
 38 67 
 38 84 
 38 96 
 38 71 
 38 62 
 38 4 
 38 55 
 38 59 
 38 64 
 38 70 
 38 76 
 38 11 
 39 2 
 39 18 
 39 23 
 39 26 
 39 27 
 39 37 
 39 31 
 39 15 
 39 43 
 39 47 
 39 52 
 39 67 
 39 64 
 39 46 
 39 53 
 39 55 
 39 61 
 39 79 
 40 11 
 40 13 
 40 25 
 40 26 
 40 28 
 40 38 
 40 64 
 40 90 
 41 28 
 41 32 
 41 36 
 41 91 
 41 73 
 41 58 
 41 92 
 41 69 
 41 81 
 41 96 
 41 22 
 41 47 
 41 85 
 41 84 
 41 52 
 41 23 
 41 79 
 41 82 
 42 25 
 42 31 
 42 72 
 42 50 
 42 65 
 42 30 
 42 45 
 42 52 
 42 53 
 42 63 
 42 68 
 42 70 
 42 73 
 42 79 
 42 98 
 42 62 
 43 9 
 43 22 
 43 39 
 43 45 
 43 55 
 43 56 
 43 62 
 43 100 
 44 1 
 44 7 
 44 28 
 44 47 
 44 50 
 44 16 
 44 33 
 44 84 
 44 10 
 44 99 
 44 24 
 44 15 
 44 60 
 44 31 
 44 8 
 44 74 
 44 48 
 44 12 
 44 45 
 44 59 
 44 62 
 44 70 
 45 5 
 45 18 
 45 26 
 45 42 
 45 44 
 45 43 
 45 78 
 45 9 
 45 54 
 45 89 
 45 13 
 45 2 
 45 4 
 45 65 
 45 62 
 45 74 
 46 10 
 46 12 
 46 17 
 46 20 
 46 32 
 46 38 
 46 11 
 46 39 
 46 52 
 46 59 
 46 63 
 46 70 
 46 82 
 46 16 
 47 25 
 47 26 
 47 39 
 47 41 
 47 44 
 47 22 
 47 98 
 47 89 
 48 5 
 48 8 
 48 11 
 48 14 
 48 20 
 48 28 
 48 38 
 48 44 
 48 50 
 48 51 
 48 60 
 48 69 
 48 74 
 48 79 
 48 85 
 48 100 
 49 4 
 49 24 
 49 26 
 49 72 
 49 15 
 49 31 
 49 55 
 49 51 
 49 78 
 49 63 
 49 6 
 49 29 
 49 12 
 49 18 
 49 96 
 49 91 
 49 85 
 49 97 
 50 20 
 50 25 
 50 42 
 50 44 
 50 75 
 50 19 
 50 15 
 50 14 
 50 17 
 50 98 
 50 48 
 50 27 
 50 7 
 50 66 
 50 4 
 50 2 
 50 59 
 50 60 
 50 70 
 50 76 
 50 79 
 50 100 
 51 11 
 51 16 
 51 18 
 51 29 
 51 49 
 51 37 
 51 58 
 51 99 
 51 54 
 51 9 
 51 70 
 51 8 
 51 48 
 51 3 
 51 57 
 51 93 
 51 98 
 51 82 
 52 21 
 52 38 
 52 39 
 52 41 
 52 46 
 52 2 
 52 11 
 52 42 
 52 66 
 52 70 
 52 82 
 52 81 
 53 7 
 53 11 
 53 36 
 53 26 
 53 92 
 53 77 
 53 39 
 53 74 
 53 84 
 53 42 
 53 10 
 53 8 
 53 58 
 53 20 
 53 97 
 53 17 
 54 6 
 54 7 
 54 22 
 54 23 
 54 29 
 54 32 
 54 45 
 54 51 
 54 61 
 54 74 
 54 82 
 54 100 
 55 4 
 55 10 
 55 22 
 55 49 
 55 60 
 55 38 
 55 43 
 55 39 
 55 92 
 55 93 
 55 67 
 55 80 
 55 13 
 55 3 
 55 2 
 55 96 
 55 84 
 55 29 
 55 70 
 55 72 
 56 26 
 56 28 
 56 100 
 56 15 
 56 14 
 56 21 
 56 43 
 56 17 
 56 70 
 56 76 
 56 82 
 56 69 
 57 8 
 57 12 
 57 15 
 57 20 
 57 25 
 57 26 
 57 31 
 57 51 
 57 100 
 57 32 
 57 92 
 57 90 
 57 81 
 57 60 
 58 41 
 58 51 
 58 53 
 58 60 
 58 64 
 58 86 
 59 7 
 59 20 
 59 32 
 59 38 
 59 68 
 59 29 
 59 67 
 59 100 
 59 46 
 59 61 
 59 89 
 59 96 
 59 19 
 59 50 
 59 37 
 59 44 
 59 63 
 59 65 
 59 79 
 59 98 
 60 6 
 60 7 
 60 21 
 60 44 
 60 55 
 60 57 
 60 99 
 60 96 
 60 18 
 60 98 
 60 27 
 60 50 
 60 34 
 60 75 
 60 58 
 60 62 
 60 30 
 60 48 
 60 61 
 60 64 
 60 79 
 60 94 
 61 21 
 61 38 
 61 59 
 61 10 
 61 84 
 61 89 
 61 62 
 61 77 
 61 74 
 61 63 
 61 27 
 61 29 
 61 54 
 61 20 
 61 39 
 61 60 
 61 67 
 61 97 
 62 9 
 62 13 
 62 36 
 62 38 
 62 60 
 62 61 
 62 68 
 62 43 
 62 15 
 62 33 
 62 44 
 62 87 
 62 5 
 62 45 
 62 70 
 62 73 
 62 79 
 62 42 
 63 27 
 63 32 
 63 49 
 63 61 
 63 67 
 63 59 
 63 42 
 63 77 
 63 46 
 63 93 
 63 37 
 63 83 
 63 28 
 63 19 
 63 85 
 63 96 
 63 33 
 63 26 
 63 29 
 63 9 
 63 70 
 63 73 
 63 74 
 63 22 
 64 8 
 64 11 
 64 13 
 64 27 
 64 39 
 64 21 
 64 22 
 64 6 
 64 58 
 64 14 
 64 87 
 64 92 
 64 38 
 64 60 
 64 91 
 64 34 
 64 97 
 64 40 
 64 93 
 64 100 
 65 1 
 65 11 
 65 25 
 65 28 
 65 34 
 65 42 
 65 45 
 65 69 
 65 3 
 65 27 
 65 10 
 65 100 
 65 80 
 65 91 
 65 59 
 65 17 
 65 8 
 65 30 
 66 18 
 66 50 
 66 52 
 66 99 
 66 77 
 66 13 
 66 68 
 66 76 
 67 15 
 67 28 
 67 31 
 67 38 
 67 39 
 67 55 
 67 59 
 67 63 
 67 73 
 67 85 
 67 37 
 67 30 
 67 69 
 67 61 
 67 74 
 67 78 
 67 79 
 67 93 
 68 6 
 68 9 
 68 38 
 68 59 
 68 62 
 68 66 
 68 42 
 68 22 
 68 76 
 68 36 
 68 2 
 68 86 
 68 73 
 68 79 
 68 94 
 68 98 
 69 1 
 69 12 
 69 14 
 69 28 
 69 41 
 69 65 
 69 67 
 69 48 
 69 95 
 69 25 
 69 98 
 69 56 
 70 6 
 70 14 
 70 16 
 70 26 
 70 32 
 70 51 
 70 52 
 70 38 
 70 3 
 70 50 
 70 63 
 70 42 
 70 46 
 70 55 
 70 88 
 70 56 
 70 73 
 70 62 
 70 89 
 70 75 
 70 82 
 70 44 
 71 2 
 71 11 
 71 13 
 71 19 
 71 21 
 71 27 
 71 36 
 71 38 
 71 74 
 71 85 
 72 1 
 72 11 
 72 26 
 72 34 
 72 36 
 72 38 
 72 42 
 72 49 
 72 55 
 72 80 
 73 2 
 73 10 
 73 41 
 73 67 
 73 70 
 73 68 
 73 42 
 73 34 
 73 27 
 73 14 
 73 91 
 73 25 
 73 62 
 73 33 
 73 94 
 73 74 
 73 63 
 73 21 
 74 11 
 74 44 
 74 53 
 74 61 
 74 73 
 74 37 
 74 29 
 74 54 
 74 18 
 74 48 
 74 12 
 74 63 
 74 45 
 74 76 
 74 71 
 74 5 
 74 80 
 74 67 
 74 17 
 74 30 
 74 78 
 74 21 
 75 6 
 75 16 
 75 28 
 75 32 
 75 50 
 75 60 
 75 70 
 75 82 
 76 5 
 76 26 
 76 37 
 76 68 
 76 74 
 76 80 
 76 92 
 76 66 
 76 29 
 76 96 
 76 56 
 76 9 
 76 50 
 76 38 
 76 16 
 76 81 
 76 82 
 76 88 
 77 7 
 77 17 
 77 28 
 77 31 
 77 38 
 77 53 
 77 61 
 77 63 
 77 66 
 77 78 
 78 2 
 78 32 
 78 45 
 78 49 
 78 67 
 78 74 
 78 79 
 78 77 
 79 18 
 79 26 
 79 67 
 79 41 
 79 60 
 79 48 
 79 68 
 79 39 
 79 78 
 79 42 
 79 6 
 79 50 
 79 59 
 79 84 
 79 62 
 79 100 
 80 6 
 80 7 
 80 9 
 80 18 
 80 34 
 80 55 
 80 65 
 80 72 
 80 74 
 80 76 
 81 2 
 81 6 
 81 11 
 81 24 
 81 41 
 81 57 
 81 76 
 81 26 
 81 94 
 81 1 
 81 85 
 81 52 
 82 4 
 82 24 
 82 31 
 82 98 
 82 41 
 82 46 
 82 70 
 82 56 
 82 91 
 82 76 
 82 52 
 82 54 
 82 75 
 82 3 
 82 93 
 82 51 
 83 5 
 83 32 
 83 63 
 83 97 
 84 4 
 84 5 
 84 13 
 84 37 
 84 38 
 84 41 
 84 44 
 84 53 
 84 55 
 84 61 
 84 79 
 84 87 
 84 21 
 84 26 
 84 100 
 84 12 
 85 22 
 85 28 
 85 32 
 85 41 
 85 49 
 85 63 
 85 67 
 85 48 
 85 20 
 85 13 
 85 100 
 85 71 
 85 81 
 85 34 
 85 33 
 85 97 
 85 37 
 85 24 
 85 91 
 85 94 
 86 1 
 86 17 
 86 28 
 86 31 
 86 36 
 86 68 
 86 95 
 86 58 
 87 3 
 87 9 
 87 11 
 87 17 
 87 25 
 87 32 
 87 62 
 87 64 
 87 84 
 87 97 
 88 36 
 88 38 
 88 70 
 88 27 
 88 93 
 88 9 
 88 21 
 88 76 
 89 12 
 89 24 
 89 25 
 89 45 
 89 59 
 89 61 
 89 70 
 89 47 
 90 4 
 90 7 
 90 13 
 90 16 
 90 36 
 90 57 
 90 94 
 90 40 
 91 7 
 91 10 
 91 20 
 91 22 
 91 28 
 91 36 
 91 41 
 91 49 
 91 64 
 91 65 
 91 73 
 91 82 
 91 85 
 91 24 
 92 4 
 92 14 
 92 22 
 92 27 
 92 36 
 92 41 
 92 53 
 92 55 
 92 57 
 92 64 
 92 76 
 92 98 
 93 7 
 93 55 
 93 63 
 93 88 
 93 64 
 93 31 
 93 51 
 93 67 
 93 99 
 93 23 
 93 82 
 93 25 
 93 94 
 93 100 
 94 6 
 94 9 
 94 15 
 94 20 
 94 22 
 94 73 
 94 81 
 94 90 
 94 34 
 94 93 
 94 68 
 94 60 
 94 100 
 94 29 
 94 98 
 94 85 
 95 3 
 95 69 
 95 36 
 95 86 
 96 10 
 96 12 
 96 38 
 96 41 
 96 49 
 96 55 
 96 59 
 96 60 
 96 63 
 96 76 
 96 97 
 96 8 
 97 5 
 97 7 
 97 16 
 97 36 
 97 49 
 97 64 
 97 85 
 97 98 
 97 61 
 97 15 
 97 87 
 97 96 
 97 29 
 97 2 
 97 83 
 97 53 
 98 7 
 98 37 
 98 50 
 98 60 
 98 82 
 98 94 
 98 97 
 98 51 
 98 92 
 98 68 
 98 24 
 98 8 
 98 21 
 98 42 
 98 69 
 98 23 
 98 47 
 98 59 
 99 5 
 99 22 
 99 23 
 99 25 
 99 31 
 99 36 
 99 37 
 99 44 
 99 51 
 99 60 
 99 66 
 99 93 
 100 25 
 100 56 
 100 57 
 100 59 
 100 65 
 100 85 
 100 94 
 100 10 
 100 64 
 100 14 
 100 84 
 100 43 
 100 50 
 100 79 
 100 19 
 100 11 
 100 54 
 100 6 
 100 93 
 100 48 
