100 778
1 3
1 19
1 31
1 43
1 60
1 89
2 1
2 3
2 8
2 19
2 31
2 55
2 67
2 89
2 90
2 94
2 97
2 100
3 1
3 9
3 19
3 28
3 42
3 60
3 90
4 23
4 55
4 70
4 91
4 98
5 13
5 34
5 39
5 41
5 42
5 44
5 53
5 72
5 76
5 95
6 13
6 21
6 23
6 24
6 30
6 40
6 42
6 54
6 58
6 66
6 71
6 78
6 79
6 84
6 88
7 32
7 37
7 54
7 74
7 84
8 2
8 3
8 23
8 43
8 71
9 14
9 25
9 45
9 70
9 79
9 96
10 1
10 2
10 3
10 12
10 19
10 31
10 35
10 53
10 57
10 60
10 64
10 67
10 71
10 79
10 90
10 94
10 97
10 99
10 100
11 7
11 21
11 28
11 40
11 54
11 64
11 86
11 87
12 40
12 52
12 53
12 56
12 64
12 66
12 73
12 85
13 4
13 5
13 15
13 34
13 44
13 75
13 76
14 46
14 49
14 70
14 79
14 90
14 93
14 96
15 3
15 5
15 8
15 28
15 38
15 42
15 44
15 49
15 55
15 71
15 72
15 76
15 82
15 87
15 99
16 8
16 13
16 23
16 51
16 55
16 62
16 68
16 69
16 70
16 91
16 95
17 7
17 11
17 24
17 32
17 37
17 54
17 66
17 73
17 78
17 85
17 87
18 10
18 57
18 71
18 89
18 100
19 31
19 35
19 64
19 88
19 94
20 7
20 36
20 37
20 52
20 86
21 6
21 13
21 40
21 71
21 76
21 78
22 1
22 3
22 10
22 19
22 35
22 43
22 57
22 64
22 71
22 77
22 89
22 90
22 94
22 97
23 51
23 65
23 69
23 70
23 78
24 7
24 52
24 56
24 71
24 73
24 74
24 78
24 85
24 86
25 46
25 48
25 75
25 79
25 93
25 96
26 13
26 38
26 53
26 63
26 68
26 79
26 83
26 84
27 4
27 23
27 59
27 89
27 92
28 13
28 15
28 19
28 20
28 23
28 26
28 34
28 39
28 41
28 42
28 44
28 48
28 62
28 66
28 76
28 82
28 83
28 92
28 98
29 5
29 41
29 42
29 44
29 76
29 78
30 2
30 11
30 16
30 23
30 26
30 36
30 51
30 55
30 59
30 60
30 62
30 69
30 70
30 73
30 80
30 82
31 3
31 6
31 19
31 26
31 43
31 50
31 57
31 60
31 64
31 66
31 71
31 77
31 89
31 90
32 24
32 33
32 57
32 66
32 87
33 12
33 20
33 52
33 73
33 84
33 86
34 13
34 15
34 28
34 29
34 79
34 82
34 96
35 31
35 43
35 67
35 71
35 88
35 90
35 93
36 10
36 23
36 25
36 61
36 70
36 79
36 99
37 24
37 40
37 58
37 78
37 87
38 13
38 18
38 47
38 51
38 83
39 15
39 38
39 41
39 44
39 49
39 72
40 14
40 20
40 35
40 36
40 53
40 73
40 74
41 29
41 34
41 42
41 53
41 61
41 72
42 13
42 26
42 34
42 53
42 76
43 1
43 3
43 8
43 18
43 19
43 32
43 33
43 60
43 71
43 80
43 81
43 88
43 90
44 13
44 15
44 28
44 29
44 39
44 42
44 53
44 76
44 99
45 9
45 25
45 28
45 75
45 79
45 95
46 26
46 31
46 42
46 45
46 48
46 75
46 79
46 92
46 93
47 13
47 26
47 34
47 53
47 72
47 83
48 2
48 9
48 46
48 52
48 81
48 93
49 8
49 13
49 15
49 26
49 29
49 31
49 34
49 38
49 41
49 42
49 44
49 55
49 57
49 63
49 76
49 79
49 92
50 3
50 22
50 88
50 89
50 90
51 23
51 55
51 62
51 65
51 68
51 69
51 70
51 91
52 20
52 33
52 71
52 74
52 85
53 15
53 26
53 41
53 44
53 59
53 72
54 6
54 7
54 12
54 13
54 17
54 20
54 21
54 30
54 33
54 40
54 47
54 52
54 56
54 67
54 68
54 73
54 78
54 84
55 7
55 22
55 23
55 59
55 62
55 65
55 69
55 98
56 12
56 24
56 32
56 40
56 66
56 73
56 78
56 86
57 2
57 3
57 8
57 31
57 71
57 90
58 14
58 20
58 32
58 52
58 78
58 85
59 14
59 23
59 51
59 55
59 91
60 19
60 31
60 37
60 57
60 58
60 77
60 90
61 11
61 16
61 46
61 79
61 93
62 4
62 13
62 27
62 29
62 30
62 36
62 51
62 55
62 59
62 65
62 68
62 70
62 80
62 91
62 98
63 13
63 15
63 31
63 39
63 47
63 61
63 74
63 76
64 31
64 50
64 89
64 90
64 94
65 15
65 23
65 36
65 42
65 55
65 60
65 80
66 11
66 34
66 56
66 78
66 95
66 99
67 18
67 30
67 57
67 80
67 97
68 23
68 27
68 55
68 79
68 100
69 4
69 22
69 23
69 27
69 30
69 44
69 55
69 68
69 91
69 95
70 4
70 16
70 23
70 61
70 98
71 3
71 8
71 18
71 22
71 60
71 90
71 97
71 100
72 13
72 31
72 40
72 41
72 76
73 11
73 17
73 20
73 52
73 78
74 12
74 33
74 36
74 37
74 40
74 76
74 78
74 84
75 9
75 13
75 25
75 45
75 48
75 79
76 5
76 26
76 44
76 47
76 49
76 63
76 72
76 77
76 83
76 99
77 18
77 19
77 20
77 31
77 60
78 17
78 27
78 58
78 73
78 88
79 3
79 9
79 14
79 19
79 61
79 75
79 81
80 4
80 16
80 23
80 36
80 51
80 91
81 14
81 45
81 52
81 61
81 79
81 92
82 13
82 20
82 31
82 34
82 42
82 53
82 63
82 76
82 89
83 5
83 7
83 17
83 30
83 34
84 6
84 12
84 13
84 17
84 20
84 21
84 22
84 24
84 52
84 73
84 82
84 86
84 87
85 16
85 17
85 19
85 33
85 42
85 53
85 58
85 66
85 78
85 86
86 20
86 29
86 40
86 78
86 85
87 21
87 32
87 40
87 52
87 56
87 58
87 78
87 79
88 2
88 31
88 50
88 78
88 97
89 3
89 19
89 22
89 71
89 94
90 3
90 19
90 31
90 43
90 57
90 71
91 4
91 23
91 44
91 59
91 60
92 14
92 52
92 54
92 67
92 75
92 79
92 81
93 9
93 25
93 45
93 46
93 48
93 79
93 81
93 90
93 91
93 96
94 1
94 3
94 8
94 10
94 19
94 22
94 35
94 50
94 57
94 60
94 66
94 67
94 71
94 77
95 6
95 27
95 60
95 68
95 70
96 14
96 25
96 46
96 71
96 79
97 2
97 3
97 19
97 31
97 57
98 23
98 47
98 65
98 70
98 80
99 2
99 12
99 15
99 20
99 24
99 28
99 29
99 34
99 38
99 39
99 42
99 49
99 63
99 71
100 10
100 19
100 31
100 44
100 50
100 90
