 100 1570
 1 39 
 1 33 
 1 54 
 1 73 
 1 16 
 1 30 
 1 71 
 1 70 
 1 11 
 1 25 
 1 37 
 1 43 
 1 45 
 1 51 
 1 66 
 1 76 
 1 89 
 1 98 
 2 56 
 2 53 
 2 9 
 2 68 
 2 89 
 2 64 
 2 27 
 2 17 
 2 5 
 2 12 
 2 20 
 2 23 
 2 39 
 2 77 
 2 81 
 2 91 
 3 8 
 3 57 
 3 17 
 3 24 
 3 54 
 3 26 
 3 35 
 3 47 
 3 7 
 3 14 
 3 93 
 3 12 
 3 44 
 3 33 
 3 67 
 3 66 
 3 13 
 3 19 
 3 46 
 3 48 
 3 71 
 3 96 
 4 8 
 4 28 
 4 65 
 4 40 
 4 33 
 4 74 
 4 37 
 4 68 
 4 89 
 4 91 
 4 20 
 4 24 
 4 6 
 4 11 
 4 29 
 4 30 
 4 39 
 4 47 
 4 59 
 4 96 
 5 52 
 5 32 
 5 50 
 5 42 
 5 53 
 5 94 
 5 37 
 5 61 
 5 60 
 5 6 
 5 49 
 5 67 
 5 12 
 5 2 
 5 57 
 5 70 
 5 24 
 5 29 
 5 45 
 5 96 
 5 98 
 5 13 
 6 5 
 6 95 
 6 18 
 6 4 
 6 7 
 6 29 
 6 43 
 6 44 
 6 45 
 6 92 
 7 3 
 7 74 
 7 87 
 7 20 
 7 63 
 7 97 
 7 65 
 7 8 
 7 49 
 7 28 
 7 38 
 7 61 
 7 92 
 7 6 
 7 33 
 7 54 
 7 66 
 7 93 
 8 3 
 8 4 
 8 7 
 8 11 
 8 21 
 8 50 
 8 51 
 8 67 
 8 88 
 8 94 
 9 2 
 9 98 
 9 36 
 9 29 
 9 67 
 9 73 
 9 85 
 9 100 
 10 21 
 10 15 
 10 57 
 10 70 
 10 13 
 10 14 
 10 33 
 10 54 
 10 82 
 10 86 
 11 8 
 11 4 
 11 18 
 11 73 
 11 65 
 11 46 
 11 42 
 11 51 
 11 59 
 11 60 
 11 1 
 11 90 
 11 43 
 11 26 
 11 72 
 11 95 
 11 80 
 11 55 
 11 32 
 11 33 
 11 45 
 11 48 
 12 3 
 12 5 
 12 26 
 12 31 
 12 36 
 12 2 
 12 22 
 12 60 
 12 74 
 12 27 
 12 18 
 12 25 
 12 32 
 12 35 
 12 44 
 12 45 
 12 48 
 12 59 
 13 77 
 13 10 
 13 36 
 13 3 
 13 80 
 13 70 
 13 28 
 13 96 
 13 48 
 13 37 
 13 16 
 13 78 
 13 42 
 13 83 
 13 17 
 13 32 
 13 41 
 13 49 
 13 53 
 13 81 
 13 89 
 13 98 
 13 99 
 13 5 
 14 3 
 14 69 
 14 66 
 14 51 
 14 20 
 14 32 
 14 62 
 14 38 
 14 27 
 14 74 
 14 56 
 14 89 
 14 71 
 14 33 
 14 78 
 14 10 
 14 34 
 14 39 
 14 40 
 14 43 
 14 49 
 14 68 
 14 81 
 14 85 
 15 10 
 15 75 
 15 38 
 15 73 
 15 17 
 15 21 
 15 22 
 15 24 
 15 29 
 15 35 
 15 43 
 15 44 
 15 92 
 15 96 
 15 100 
 15 86 
 16 1 
 16 13 
 16 65 
 16 74 
 16 33 
 16 34 
 16 43 
 16 48 
 16 64 
 16 66 
 16 72 
 16 76 
 16 77 
 16 93 
 16 96 
 16 98 
 17 2 
 17 3 
 17 72 
 17 82 
 17 87 
 17 37 
 17 60 
 17 62 
 17 46 
 17 49 
 17 15 
 17 27 
 17 13 
 17 20 
 17 35 
 17 81 
 18 6 
 18 11 
 18 94 
 18 58 
 18 39 
 18 60 
 18 44 
 18 68 
 18 19 
 18 66 
 18 54 
 18 88 
 18 22 
 18 55 
 18 12 
 18 85 
 18 20 
 18 86 
 18 92 
 18 40 
 19 18 
 19 38 
 19 3 
 19 37 
 19 58 
 19 65 
 20 4 
 20 7 
 20 14 
 20 58 
 20 17 
 20 2 
 20 18 
 20 52 
 20 98 
 20 67 
 20 43 
 20 64 
 20 66 
 20 71 
 20 76 
 20 77 
 21 10 
 21 82 
 21 67 
 21 76 
 21 94 
 21 8 
 21 15 
 21 33 
 21 48 
 21 51 
 21 35 
 21 43 
 21 64 
 21 77 
 21 89 
 22 12 
 22 18 
 22 40 
 22 93 
 22 76 
 22 15 
 22 52 
 22 44 
 22 26 
 22 35 
 22 36 
 22 42 
 22 43 
 22 66 
 22 95 
 22 99 
 23 85 
 23 58 
 23 98 
 23 83 
 23 26 
 23 91 
 23 48 
 23 2 
 23 50 
 23 86 
 23 24 
 23 49 
 23 59 
 23 82 
 24 3 
 24 4 
 24 56 
 24 28 
 24 34 
 24 5 
 24 64 
 24 81 
 24 88 
 24 26 
 24 55 
 24 15 
 24 83 
 24 61 
 24 31 
 24 71 
 24 70 
 24 23 
 24 43 
 24 44 
 24 46 
 24 50 
 24 59 
 24 76 
 25 36 
 25 98 
 25 26 
 25 51 
 25 1 
 25 12 
 25 39 
 25 92 
 26 3 
 26 11 
 26 12 
 26 23 
 26 24 
 26 25 
 26 22 
 26 37 
 26 86 
 26 69 
 26 47 
 26 99 
 26 34 
 26 56 
 26 71 
 26 66 
 26 38 
 26 27 
 26 45 
 26 46 
 26 67 
 26 89 
 27 2 
 27 12 
 27 14 
 27 17 
 27 76 
 27 26 
 27 29 
 27 37 
 27 44 
 27 77 
 27 86 
 27 80 
 28 4 
 28 7 
 28 13 
 28 24 
 28 57 
 28 41 
 28 77 
 28 67 
 28 44 
 28 51 
 28 59 
 28 76 
 28 91 
 28 98 
 29 9 
 29 60 
 29 50 
 29 66 
 29 69 
 29 91 
 29 97 
 29 27 
 29 5 
 29 15 
 29 46 
 29 42 
 29 67 
 29 92 
 29 56 
 29 88 
 29 6 
 29 74 
 29 4 
 29 75 
 29 35 
 29 41 
 29 85 
 29 44 
 30 1 
 30 4 
 30 76 
 30 35 
 30 36 
 30 41 
 30 46 
 30 67 
 30 77 
 30 88 
 31 12 
 31 24 
 31 35 
 31 54 
 31 59 
 31 72 
 31 73 
 31 81 
 31 89 
 31 53 
 32 5 
 32 14 
 32 37 
 32 12 
 32 36 
 32 13 
 32 11 
 32 35 
 32 75 
 32 91 
 32 66 
 32 69 
 32 40 
 32 80 
 32 58 
 32 76 
 32 81 
 32 99 
 33 1 
 33 3 
 33 4 
 33 14 
 33 21 
 33 45 
 33 11 
 33 10 
 33 74 
 33 87 
 33 47 
 33 7 
 33 94 
 33 70 
 33 52 
 33 90 
 33 82 
 33 16 
 33 78 
 33 96 
 33 36 
 33 54 
 33 58 
 33 61 
 33 64 
 33 73 
 33 91 
 33 99 
 34 24 
 34 26 
 34 68 
 34 64 
 34 80 
 34 65 
 34 95 
 34 77 
 34 14 
 34 52 
 34 16 
 34 57 
 34 69 
 34 90 
 34 93 
 34 58 
 34 83 
 34 40 
 34 42 
 34 54 
 34 59 
 34 73 
 35 3 
 35 32 
 35 22 
 35 21 
 35 82 
 35 43 
 35 31 
 35 17 
 35 39 
 35 30 
 35 29 
 35 15 
 35 61 
 35 56 
 35 64 
 35 12 
 35 51 
 35 68 
 35 71 
 35 89 
 35 96 
 36 9 
 36 12 
 36 13 
 36 25 
 36 32 
 36 79 
 36 55 
 36 30 
 36 91 
 36 81 
 36 37 
 36 68 
 36 22 
 36 74 
 36 33 
 36 70 
 36 51 
 36 53 
 36 54 
 36 63 
 36 73 
 36 85 
 36 92 
 36 67 
 37 4 
 37 5 
 37 13 
 37 17 
 37 19 
 37 26 
 37 32 
 37 36 
 37 60 
 37 27 
 37 54 
 37 94 
 37 1 
 37 55 
 37 41 
 37 51 
 38 7 
 38 14 
 38 15 
 38 19 
 38 26 
 38 46 
 38 54 
 38 71 
 38 73 
 38 93 
 39 1 
 39 18 
 39 35 
 39 2 
 39 14 
 39 94 
 39 4 
 39 97 
 39 50 
 39 58 
 39 95 
 39 81 
 39 91 
 39 25 
 39 73 
 39 92 
 40 4 
 40 22 
 40 32 
 40 14 
 40 68 
 40 88 
 40 98 
 40 85 
 40 34 
 40 84 
 40 90 
 40 72 
 40 56 
 40 91 
 40 42 
 40 48 
 40 64 
 40 66 
 40 76 
 40 92 
 40 100 
 40 18 
 41 28 
 41 88 
 41 42 
 41 71 
 41 37 
 41 84 
 41 54 
 41 13 
 41 69 
 41 44 
 41 30 
 41 29 
 41 66 
 41 77 
 41 86 
 41 92 
 42 5 
 42 11 
 42 13 
 42 29 
 42 41 
 42 78 
 42 59 
 42 22 
 42 93 
 42 90 
 42 85 
 42 40 
 42 34 
 42 84 
 42 54 
 42 60 
 42 72 
 42 96 
 43 11 
 43 35 
 43 70 
 43 90 
 43 22 
 43 15 
 43 50 
 43 84 
 43 21 
 43 59 
 43 51 
 43 75 
 43 6 
 43 16 
 43 47 
 43 65 
 43 24 
 43 14 
 43 20 
 43 1 
 43 48 
 43 54 
 43 81 
 43 95 
 44 3 
 44 18 
 44 22 
 44 41 
 44 75 
 44 78 
 44 12 
 44 47 
 44 28 
 44 60 
 44 27 
 44 91 
 44 15 
 44 62 
 44 49 
 44 59 
 44 93 
 44 84 
 44 24 
 44 6 
 44 45 
 44 76 
 44 99 
 44 29 
 45 33 
 45 88 
 45 1 
 45 78 
 45 85 
 45 79 
 45 6 
 45 55 
 45 48 
 45 69 
 45 67 
 45 26 
 45 77 
 45 5 
 45 11 
 45 97 
 45 75 
 45 83 
 45 44 
 45 12 
 45 50 
 45 51 
 45 59 
 45 64 
 45 68 
 45 89 
 46 11 
 46 17 
 46 29 
 46 93 
 46 26 
 46 24 
 46 30 
 46 62 
 46 56 
 46 83 
 46 38 
 46 69 
 46 90 
 46 97 
 46 3 
 46 86 
 46 50 
 46 54 
 47 3 
 47 26 
 47 33 
 47 43 
 47 44 
 47 4 
 47 66 
 47 85 
 47 93 
 47 70 
 48 13 
 48 21 
 48 23 
 48 45 
 48 78 
 48 43 
 48 40 
 48 99 
 48 16 
 48 12 
 48 3 
 48 11 
 48 67 
 48 68 
 49 5 
 49 7 
 49 17 
 49 44 
 49 13 
 49 94 
 49 86 
 49 14 
 49 23 
 49 77 
 49 50 
 49 58 
 49 72 
 49 79 
 50 5 
 50 23 
 50 29 
 50 39 
 50 43 
 50 82 
 50 46 
 50 8 
 50 57 
 50 76 
 50 24 
 50 59 
 50 45 
 50 49 
 50 100 
 50 79 
 50 55 
 50 94 
 50 89 
 50 66 
 51 11 
 51 14 
 51 21 
 51 25 
 51 43 
 51 73 
 51 37 
 51 35 
 51 28 
 51 8 
 51 36 
 51 100 
 51 69 
 51 65 
 51 45 
 51 92 
 51 1 
 51 77 
 51 89 
 51 99 
 52 5 
 52 20 
 52 22 
 52 33 
 52 34 
 52 58 
 52 61 
 52 66 
 52 71 
 52 95 
 53 2 
 53 5 
 53 98 
 53 100 
 53 36 
 53 13 
 53 67 
 53 82 
 53 92 
 53 31 
 54 1 
 54 3 
 54 18 
 54 37 
 54 41 
 54 42 
 54 43 
 54 46 
 54 36 
 54 7 
 54 91 
 54 75 
 54 82 
 54 72 
 54 33 
 54 31 
 54 34 
 54 38 
 54 58 
 54 10 
 54 85 
 54 95 
 55 11 
 55 18 
 55 24 
 55 36 
 55 37 
 55 45 
 55 50 
 55 81 
 56 2 
 56 14 
 56 24 
 56 26 
 56 29 
 56 35 
 56 40 
 56 46 
 57 3 
 57 5 
 57 10 
 57 28 
 57 34 
 57 50 
 57 68 
 57 71 
 57 76 
 57 98 
 58 18 
 58 20 
 58 23 
 58 34 
 58 39 
 58 54 
 58 32 
 58 33 
 58 75 
 58 19 
 58 63 
 58 49 
 58 52 
 58 85 
 58 66 
 58 100 
 59 11 
 59 42 
 59 43 
 59 44 
 59 50 
 59 23 
 59 79 
 59 72 
 59 31 
 59 28 
 59 45 
 59 24 
 59 86 
 59 12 
 59 34 
 59 4 
 59 80 
 59 82 
 59 93 
 59 96 
 59 99 
 59 100 
 60 5 
 60 11 
 60 12 
 60 17 
 60 18 
 60 29 
 60 37 
 60 42 
 60 44 
 60 77 
 61 5 
 61 7 
 61 24 
 61 35 
 61 86 
 61 33 
 61 93 
 61 52 
 61 64 
 61 66 
 61 67 
 61 98 
 62 14 
 62 17 
 62 44 
 62 46 
 62 93 
 62 79 
 62 74 
 62 97 
 62 64 
 62 67 
 62 72 
 62 76 
 63 7 
 63 58 
 63 36 
 63 73 
 63 89 
 63 93 
 64 2 
 64 24 
 64 34 
 64 35 
 64 21 
 64 100 
 64 78 
 64 20 
 64 87 
 64 45 
 64 70 
 64 16 
 64 40 
 64 61 
 64 33 
 64 62 
 65 4 
 65 7 
 65 11 
 65 16 
 65 34 
 65 43 
 65 51 
 65 19 
 66 3 
 66 14 
 66 18 
 66 26 
 66 29 
 66 32 
 66 20 
 66 7 
 66 61 
 66 16 
 66 22 
 66 47 
 66 83 
 66 58 
 66 98 
 66 40 
 66 92 
 66 1 
 66 41 
 66 52 
 66 73 
 66 50 
 67 3 
 67 5 
 67 20 
 67 21 
 67 28 
 67 29 
 67 45 
 67 9 
 67 71 
 67 62 
 67 30 
 67 79 
 67 48 
 67 8 
 67 83 
 67 26 
 67 68 
 67 91 
 67 61 
 67 53 
 67 93 
 67 36 
 68 2 
 68 4 
 68 18 
 68 34 
 68 36 
 68 40 
 68 67 
 68 48 
 68 35 
 68 76 
 68 89 
 68 45 
 68 57 
 68 14 
 68 81 
 68 100 
 69 14 
 69 26 
 69 29 
 69 32 
 69 34 
 69 41 
 69 45 
 69 46 
 69 51 
 69 93 
 69 99 
 69 96 
 70 1 
 70 5 
 70 10 
 70 13 
 70 24 
 70 33 
 70 36 
 70 43 
 70 64 
 70 76 
 70 92 
 70 47 
 71 1 
 71 14 
 71 24 
 71 26 
 71 41 
 71 67 
 71 35 
 71 89 
 71 57 
 71 3 
 71 20 
 71 88 
 71 52 
 71 38 
 71 90 
 71 86 
 71 81 
 71 92 
 72 11 
 72 17 
 72 40 
 72 54 
 72 59 
 72 16 
 72 42 
 72 31 
 72 62 
 72 49 
 72 91 
 72 100 
 73 1 
 73 11 
 73 15 
 73 51 
 73 63 
 73 34 
 73 38 
 73 9 
 73 88 
 73 66 
 73 36 
 73 100 
 73 39 
 73 33 
 73 31 
 73 92 
 73 80 
 73 95 
 74 4 
 74 7 
 74 12 
 74 14 
 74 16 
 74 29 
 74 33 
 74 36 
 74 62 
 74 77 
 75 15 
 75 29 
 75 32 
 75 43 
 75 44 
 75 45 
 75 54 
 75 58 
 75 81 
 75 86 
 75 99 
 75 100 
 76 21 
 76 22 
 76 27 
 76 30 
 76 50 
 76 68 
 76 44 
 76 1 
 76 78 
 76 70 
 76 32 
 76 16 
 76 28 
 76 24 
 76 40 
 76 20 
 76 87 
 76 57 
 76 88 
 76 89 
 76 100 
 76 62 
 77 13 
 77 28 
 77 34 
 77 45 
 77 49 
 77 41 
 77 85 
 77 30 
 77 60 
 77 74 
 77 20 
 77 27 
 77 94 
 77 80 
 77 2 
 77 51 
 77 16 
 77 79 
 77 21 
 77 84 
 77 98 
 77 99 
 78 13 
 78 14 
 78 33 
 78 42 
 78 44 
 78 45 
 78 48 
 78 64 
 78 76 
 78 88 
 79 36 
 79 45 
 79 50 
 79 59 
 79 62 
 79 67 
 79 77 
 79 49 
 79 81 
 79 100 
 80 11 
 80 13 
 80 32 
 80 34 
 80 59 
 80 73 
 80 77 
 80 92 
 80 98 
 80 27 
 81 24 
 81 36 
 81 39 
 81 17 
 81 71 
 81 13 
 81 14 
 81 87 
 81 55 
 81 68 
 81 43 
 81 2 
 81 75 
 81 88 
 81 79 
 81 32 
 81 97 
 81 31 
 82 17 
 82 21 
 82 33 
 82 35 
 82 50 
 82 54 
 82 53 
 82 10 
 82 59 
 82 23 
 82 91 
 82 92 
 82 98 
 82 99 
 83 13 
 83 23 
 83 24 
 83 34 
 83 45 
 83 46 
 83 66 
 83 67 
 84 40 
 84 41 
 84 42 
 84 43 
 84 44 
 84 77 
 84 91 
 84 93 
 84 99 
 84 100 
 85 18 
 85 23 
 85 40 
 85 42 
 85 45 
 85 58 
 85 77 
 85 36 
 85 14 
 85 29 
 85 54 
 85 90 
 85 47 
 85 9 
 86 23 
 86 26 
 86 46 
 86 49 
 86 59 
 86 61 
 86 71 
 86 18 
 86 75 
 86 41 
 86 10 
 86 27 
 86 91 
 86 92 
 86 99 
 86 15 
 87 7 
 87 17 
 87 33 
 87 64 
 87 76 
 87 81 
 88 18 
 88 24 
 88 29 
 88 40 
 88 41 
 88 45 
 88 71 
 88 73 
 88 81 
 88 30 
 88 76 
 88 8 
 88 78 
 88 91 
 89 2 
 89 4 
 89 14 
 89 68 
 89 71 
 89 51 
 89 13 
 89 31 
 89 76 
 89 98 
 89 50 
 89 99 
 89 26 
 89 93 
 89 35 
 89 21 
 89 90 
 89 45 
 89 63 
 89 1 
 90 11 
 90 33 
 90 34 
 90 40 
 90 42 
 90 43 
 90 46 
 90 71 
 90 85 
 90 89 
 91 4 
 91 23 
 91 29 
 91 32 
 91 36 
 91 39 
 91 40 
 91 44 
 91 54 
 91 67 
 91 2 
 91 88 
 91 100 
 91 86 
 91 84 
 91 28 
 91 33 
 91 72 
 91 82 
 91 98 
 92 7 
 92 29 
 92 51 
 92 66 
 92 73 
 92 86 
 92 70 
 92 99 
 92 6 
 92 97 
 92 36 
 92 82 
 92 18 
 92 15 
 92 40 
 92 53 
 92 71 
 92 39 
 92 25 
 92 80 
 92 96 
 92 41 
 93 3 
 93 22 
 93 34 
 93 42 
 93 44 
 93 46 
 93 61 
 93 62 
 93 89 
 93 84 
 93 7 
 93 16 
 93 38 
 93 59 
 93 69 
 93 47 
 93 63 
 93 67 
 94 5 
 94 18 
 94 21 
 94 33 
 94 37 
 94 39 
 94 49 
 94 50 
 94 77 
 94 8 
 95 6 
 95 11 
 95 34 
 95 39 
 95 43 
 95 22 
 95 54 
 95 73 
 95 100 
 95 52 
 96 13 
 96 33 
 96 59 
 96 42 
 96 5 
 96 100 
 96 15 
 96 16 
 96 3 
 96 4 
 96 92 
 96 35 
 96 99 
 96 69 
 97 7 
 97 29 
 97 39 
 97 45 
 97 46 
 97 62 
 97 81 
 97 92 
 98 9 
 98 20 
 98 23 
 98 25 
 98 40 
 98 53 
 98 66 
 98 89 
 98 91 
 98 13 
 98 5 
 98 77 
 98 61 
 98 16 
 98 1 
 98 82 
 98 28 
 98 80 
 98 57 
 98 100 
 99 26 
 99 48 
 99 89 
 99 92 
 99 86 
 99 96 
 99 33 
 99 84 
 99 75 
 99 13 
 99 59 
 99 32 
 99 77 
 99 22 
 99 69 
 99 44 
 99 51 
 99 82 
 100 50 
 100 51 
 100 53 
 100 64 
 100 73 
 100 91 
 100 96 
 100 9 
 100 76 
 100 84 
 100 72 
 100 79 
 100 59 
 100 40 
 100 15 
 100 95 
 100 75 
 100 68 
 100 58 
 100 98 
