 100 1374
 1 31 
 1 53 
 1 42 
 1 19 
 1 25 
 1 50 
 1 7 
 1 98 
 1 97 
 1 18 
 1 10 
 1 15 
 1 33 
 1 34 
 1 43 
 1 65 
 1 92 
 1 51 
 2 70 
 2 89 
 2 64 
 2 14 
 2 31 
 2 35 
 2 95 
 2 98 
 3 49 
 3 26 
 3 11 
 3 30 
 3 94 
 3 15 
 3 79 
 3 64 
 3 14 
 3 88 
 3 17 
 3 33 
 3 48 
 3 73 
 3 6 
 3 71 
 4 32 
 4 69 
 4 81 
 4 54 
 4 25 
 4 30 
 4 39 
 4 48 
 4 96 
 4 93 
 4 66 
 4 60 
 4 86 
 4 17 
 4 24 
 4 34 
 4 49 
 4 51 
 4 94 
 4 6 
 5 91 
 5 16 
 5 15 
 5 98 
 5 68 
 5 79 
 5 20 
 5 72 
 5 7 
 5 10 
 5 27 
 5 35 
 5 42 
 5 46 
 6 33 
 6 75 
 6 52 
 6 53 
 6 72 
 6 78 
 6 31 
 6 84 
 6 37 
 6 42 
 6 61 
 6 62 
 6 64 
 6 22 
 6 43 
 6 3 
 6 26 
 6 40 
 6 51 
 6 55 
 6 58 
 6 4 
 7 1 
 7 84 
 7 100 
 7 5 
 7 8 
 7 15 
 7 94 
 7 97 
 8 22 
 8 59 
 8 14 
 8 89 
 8 49 
 8 52 
 8 18 
 8 7 
 8 78 
 8 38 
 8 16 
 8 19 
 8 21 
 8 32 
 8 33 
 8 46 
 8 50 
 8 73 
 8 80 
 8 81 
 9 77 
 9 54 
 9 24 
 9 30 
 9 23 
 9 25 
 9 26 
 9 35 
 9 51 
 9 95 
 9 100 
 9 86 
 10 5 
 10 62 
 10 53 
 10 98 
 10 87 
 10 11 
 10 1 
 10 32 
 10 41 
 10 51 
 10 43 
 10 97 
 10 35 
 10 20 
 10 48 
 10 93 
 10 18 
 10 67 
 10 13 
 10 22 
 10 31 
 10 42 
 10 60 
 10 63 
 10 72 
 10 92 
 10 100 
 11 3 
 11 10 
 11 28 
 11 95 
 11 60 
 11 48 
 11 53 
 11 88 
 11 44 
 11 64 
 11 96 
 11 25 
 11 86 
 11 93 
 11 29 
 11 35 
 11 43 
 11 63 
 12 24 
 12 22 
 12 58 
 12 42 
 12 34 
 12 43 
 12 78 
 12 85 
 13 67 
 13 87 
 13 54 
 13 80 
 13 10 
 13 34 
 13 76 
 13 37 
 13 31 
 13 78 
 13 22 
 13 65 
 13 70 
 13 88 
 14 2 
 14 3 
 14 8 
 14 71 
 14 29 
 14 33 
 14 70 
 14 81 
 14 86 
 14 100 
 15 3 
 15 5 
 15 28 
 15 59 
 15 54 
 15 1 
 15 7 
 15 52 
 15 80 
 15 65 
 15 30 
 15 16 
 15 25 
 15 89 
 15 74 
 15 60 
 15 97 
 15 46 
 15 90 
 15 81 
 15 26 
 15 42 
 15 45 
 15 47 
 15 51 
 15 75 
 15 98 
 16 5 
 16 15 
 16 61 
 16 47 
 16 88 
 16 8 
 16 48 
 16 30 
 16 36 
 16 51 
 16 57 
 16 71 
 16 80 
 16 96 
 17 3 
 17 4 
 17 99 
 17 97 
 17 91 
 17 70 
 17 21 
 17 45 
 17 85 
 17 62 
 17 46 
 17 36 
 17 30 
 17 32 
 17 55 
 17 59 
 18 1 
 18 8 
 18 10 
 18 52 
 18 100 
 18 47 
 18 99 
 18 86 
 18 28 
 18 45 
 18 49 
 18 31 
 18 33 
 18 50 
 18 80 
 18 97 
 19 1 
 19 30 
 19 27 
 19 8 
 19 42 
 19 38 
 19 82 
 19 48 
 19 20 
 19 40 
 19 55 
 19 65 
 19 90 
 19 96 
 20 5 
 20 10 
 20 19 
 20 99 
 20 74 
 20 54 
 20 64 
 20 63 
 20 68 
 20 53 
 21 17 
 21 33 
 21 42 
 21 83 
 21 8 
 21 96 
 21 26 
 21 29 
 21 50 
 21 67 
 21 88 
 21 94 
 22 6 
 22 8 
 22 12 
 22 13 
 22 91 
 22 79 
 22 10 
 22 57 
 22 58 
 22 59 
 22 94 
 22 96 
 23 96 
 23 56 
 23 53 
 23 32 
 23 68 
 23 71 
 23 34 
 23 33 
 23 24 
 23 58 
 23 73 
 23 45 
 23 77 
 23 9 
 23 31 
 23 80 
 23 85 
 23 36 
 24 9 
 24 12 
 24 23 
 24 37 
 24 4 
 24 66 
 24 86 
 24 79 
 24 65 
 24 94 
 24 95 
 24 97 
 25 1 
 25 4 
 25 11 
 25 15 
 25 9 
 25 99 
 25 58 
 25 97 
 25 53 
 25 55 
 25 73 
 25 35 
 25 59 
 25 75 
 26 3 
 26 28 
 26 15 
 26 6 
 26 98 
 26 9 
 26 81 
 26 95 
 26 43 
 26 78 
 26 21 
 26 89 
 26 66 
 26 49 
 26 60 
 26 68 
 26 70 
 26 80 
 26 92 
 26 27 
 27 19 
 27 53 
 27 59 
 27 51 
 27 39 
 27 88 
 27 36 
 27 67 
 27 5 
 27 79 
 27 56 
 27 46 
 27 84 
 27 75 
 27 90 
 27 45 
 27 42 
 27 65 
 27 80 
 27 26 
 28 11 
 28 15 
 28 18 
 28 26 
 28 59 
 28 80 
 29 21 
 29 30 
 29 99 
 29 14 
 29 11 
 29 70 
 29 32 
 29 50 
 29 63 
 29 71 
 29 94 
 29 96 
 30 3 
 30 4 
 30 9 
 30 15 
 30 16 
 30 19 
 30 29 
 30 55 
 30 17 
 30 36 
 30 31 
 30 65 
 31 1 
 31 6 
 31 13 
 31 18 
 31 76 
 31 33 
 31 75 
 31 23 
 31 59 
 31 73 
 31 30 
 31 10 
 31 50 
 31 2 
 31 87 
 31 52 
 31 51 
 31 83 
 31 54 
 31 62 
 31 35 
 31 71 
 31 80 
 31 85 
 32 4 
 32 10 
 32 23 
 32 17 
 32 81 
 32 8 
 32 84 
 32 42 
 32 46 
 32 29 
 32 66 
 32 67 
 32 68 
 32 72 
 33 3 
 33 6 
 33 21 
 33 23 
 33 31 
 33 18 
 33 1 
 33 97 
 33 99 
 33 59 
 33 58 
 33 42 
 33 8 
 33 14 
 33 45 
 33 65 
 33 66 
 33 70 
 33 71 
 33 100 
 34 13 
 34 23 
 34 85 
 34 12 
 34 98 
 34 1 
 34 42 
 34 64 
 34 50 
 34 61 
 34 46 
 34 4 
 34 37 
 34 51 
 34 44 
 34 47 
 34 57 
 34 63 
 34 81 
 34 95 
 35 10 
 35 25 
 35 5 
 35 49 
 35 75 
 35 9 
 35 58 
 35 88 
 35 78 
 35 67 
 35 53 
 35 97 
 35 55 
 35 76 
 35 77 
 35 11 
 35 2 
 35 31 
 35 57 
 35 64 
 35 36 
 35 92 
 36 17 
 36 27 
 36 30 
 36 84 
 36 45 
 36 62 
 36 35 
 36 81 
 36 99 
 36 16 
 36 73 
 36 75 
 36 54 
 36 60 
 36 57 
 36 59 
 36 76 
 36 23 
 37 6 
 37 13 
 37 24 
 37 34 
 37 44 
 37 59 
 37 66 
 37 67 
 37 68 
 37 97 
 38 8 
 38 19 
 38 59 
 38 66 
 38 71 
 38 40 
 39 4 
 39 27 
 39 72 
 39 49 
 39 51 
 39 60 
 39 68 
 39 70 
 40 19 
 40 62 
 40 6 
 40 50 
 40 76 
 40 38 
 41 10 
 41 57 
 41 47 
 41 65 
 42 1 
 42 6 
 42 12 
 42 19 
 42 21 
 42 32 
 42 33 
 42 34 
 42 67 
 42 15 
 42 91 
 42 85 
 42 60 
 42 5 
 42 84 
 42 27 
 42 46 
 42 66 
 42 43 
 42 10 
 42 51 
 42 65 
 42 80 
 42 59 
 43 6 
 43 10 
 43 26 
 43 42 
 43 92 
 43 12 
 43 67 
 43 11 
 43 63 
 43 80 
 43 55 
 43 60 
 43 98 
 43 84 
 43 53 
 43 1 
 43 51 
 43 70 
 44 11 
 44 34 
 44 37 
 44 72 
 44 85 
 44 95 
 45 17 
 45 18 
 45 23 
 45 27 
 45 36 
 45 47 
 45 33 
 45 89 
 45 90 
 45 15 
 45 79 
 45 66 
 45 80 
 45 69 
 45 46 
 45 54 
 45 65 
 45 93 
 45 49 
 45 60 
 45 96 
 46 15 
 46 17 
 46 27 
 46 32 
 46 34 
 46 42 
 46 45 
 46 87 
 46 5 
 46 8 
 46 58 
 46 95 
 47 16 
 47 18 
 47 45 
 47 53 
 47 63 
 47 15 
 47 34 
 47 41 
 47 55 
 47 65 
 47 67 
 47 76 
 48 3 
 48 4 
 48 10 
 48 11 
 48 16 
 48 19 
 48 50 
 48 58 
 48 86 
 48 90 
 49 3 
 49 8 
 49 18 
 49 26 
 49 35 
 49 39 
 49 45 
 49 4 
 49 50 
 49 51 
 49 55 
 49 58 
 49 66 
 49 76 
 49 94 
 49 63 
 50 1 
 50 31 
 50 34 
 50 40 
 50 83 
 50 49 
 50 52 
 50 93 
 50 99 
 50 97 
 50 18 
 50 57 
 50 90 
 50 21 
 50 89 
 50 29 
 50 8 
 50 92 
 50 67 
 50 48 
 50 65 
 50 76 
 51 10 
 51 27 
 51 31 
 51 34 
 51 64 
 51 6 
 51 57 
 51 4 
 51 42 
 51 9 
 51 49 
 51 74 
 51 72 
 51 16 
 51 43 
 51 39 
 51 90 
 51 15 
 51 58 
 51 1 
 52 6 
 52 8 
 52 15 
 52 18 
 52 31 
 52 50 
 52 67 
 52 90 
 53 1 
 53 6 
 53 10 
 53 11 
 53 23 
 53 25 
 53 27 
 53 35 
 53 43 
 53 47 
 53 73 
 53 81 
 53 92 
 53 20 
 54 4 
 54 9 
 54 13 
 54 15 
 54 20 
 54 31 
 54 36 
 54 45 
 54 66 
 54 71 
 54 85 
 54 95 
 55 25 
 55 30 
 55 35 
 55 43 
 55 73 
 55 17 
 55 47 
 55 19 
 55 56 
 55 64 
 55 97 
 55 61 
 55 49 
 55 6 
 55 59 
 55 81 
 55 95 
 55 66 
 56 23 
 56 27 
 56 55 
 56 58 
 56 63 
 56 94 
 56 97 
 56 64 
 57 22 
 57 35 
 57 41 
 57 50 
 57 51 
 57 34 
 57 79 
 57 58 
 57 84 
 57 76 
 57 36 
 57 75 
 57 59 
 57 16 
 58 12 
 58 23 
 58 25 
 58 33 
 58 35 
 58 57 
 58 98 
 58 6 
 58 49 
 58 48 
 58 56 
 58 82 
 58 76 
 58 60 
 58 91 
 58 46 
 58 22 
 58 88 
 58 51 
 58 95 
 58 70 
 59 8 
 59 15 
 59 27 
 59 31 
 59 33 
 59 57 
 59 38 
 59 36 
 59 17 
 59 37 
 59 22 
 59 75 
 59 55 
 59 88 
 59 76 
 59 95 
 59 98 
 59 28 
 59 85 
 59 25 
 59 81 
 59 42 
 60 4 
 60 11 
 60 15 
 60 36 
 60 42 
 60 43 
 60 58 
 60 26 
 60 67 
 60 39 
 60 10 
 60 77 
 60 74 
 60 45 
 60 68 
 60 85 
 60 92 
 60 95 
 61 6 
 61 16 
 61 34 
 61 55 
 62 6 
 62 10 
 62 17 
 62 31 
 62 36 
 62 40 
 63 20 
 63 43 
 63 47 
 63 11 
 63 34 
 63 29 
 63 80 
 63 68 
 63 10 
 63 56 
 63 70 
 63 77 
 63 92 
 63 49 
 64 2 
 64 3 
 64 6 
 64 11 
 64 20 
 64 34 
 64 35 
 64 51 
 64 55 
 64 68 
 64 97 
 64 56 
 65 15 
 65 45 
 65 47 
 65 13 
 65 41 
 65 30 
 65 24 
 65 92 
 65 86 
 65 1 
 65 72 
 65 19 
 65 99 
 65 50 
 65 90 
 65 42 
 65 27 
 65 79 
 65 33 
 65 94 
 65 75 
 65 80 
 66 4 
 66 24 
 66 26 
 66 42 
 66 45 
 66 74 
 66 33 
 66 54 
 66 80 
 66 38 
 66 49 
 66 37 
 66 76 
 66 32 
 66 68 
 66 70 
 66 71 
 66 55 
 67 10 
 67 13 
 67 27 
 67 35 
 67 42 
 67 43 
 67 50 
 67 60 
 67 47 
 67 21 
 67 72 
 67 52 
 67 32 
 67 90 
 67 37 
 67 82 
 67 74 
 67 85 
 68 5 
 68 23 
 68 63 
 68 20 
 68 66 
 68 69 
 68 64 
 68 82 
 68 91 
 68 96 
 68 39 
 68 100 
 68 32 
 68 26 
 68 60 
 68 99 
 68 37 
 68 87 
 69 4 
 69 45 
 69 68 
 69 100 
 70 2 
 70 17 
 70 29 
 70 63 
 70 43 
 70 66 
 70 13 
 70 14 
 70 58 
 70 26 
 70 39 
 70 33 
 71 14 
 71 23 
 71 16 
 71 89 
 71 31 
 71 38 
 71 29 
 71 33 
 71 54 
 71 66 
 71 94 
 71 84 
 71 77 
 71 3 
 72 5 
 72 6 
 72 39 
 72 44 
 72 51 
 72 65 
 72 67 
 72 94 
 72 10 
 72 92 
 72 84 
 72 32 
 73 3 
 73 23 
 73 25 
 73 31 
 73 36 
 73 55 
 73 82 
 73 53 
 73 95 
 73 8 
 73 75 
 73 86 
 73 88 
 73 100 
 74 15 
 74 20 
 74 51 
 74 60 
 74 66 
 74 67 
 74 92 
 74 95 
 75 6 
 75 27 
 75 31 
 75 35 
 75 36 
 75 57 
 75 59 
 75 65 
 75 25 
 75 96 
 75 73 
 75 15 
 75 80 
 75 97 
 76 13 
 76 31 
 76 35 
 76 57 
 76 58 
 76 59 
 76 66 
 76 49 
 76 50 
 76 36 
 76 94 
 76 82 
 76 40 
 76 47 
 76 81 
 76 95 
 77 9 
 77 23 
 77 35 
 77 60 
 77 63 
 77 100 
 77 81 
 77 71 
 78 6 
 78 8 
 78 13 
 78 26 
 78 35 
 78 12 
 79 3 
 79 5 
 79 22 
 79 24 
 79 27 
 79 45 
 79 57 
 79 65 
 80 13 
 80 15 
 80 43 
 80 45 
 80 63 
 80 66 
 80 31 
 80 75 
 80 16 
 80 27 
 80 28 
 80 84 
 80 23 
 80 65 
 80 8 
 80 26 
 80 18 
 80 42 
 81 4 
 81 15 
 81 26 
 81 32 
 81 36 
 81 77 
 81 55 
 81 76 
 81 34 
 81 59 
 81 14 
 81 8 
 81 86 
 81 53 
 82 19 
 82 58 
 82 67 
 82 68 
 82 73 
 82 76 
 83 21 
 83 31 
 83 50 
 83 87 
 84 6 
 84 7 
 84 27 
 84 32 
 84 36 
 84 42 
 84 43 
 84 57 
 84 71 
 84 80 
 84 93 
 84 72 
 84 86 
 84 96 
 85 17 
 85 34 
 85 42 
 85 59 
 85 67 
 85 89 
 85 31 
 85 91 
 85 44 
 85 94 
 85 54 
 85 60 
 85 23 
 85 12 
 86 4 
 86 11 
 86 18 
 86 24 
 86 65 
 86 81 
 86 48 
 86 84 
 86 73 
 86 14 
 86 95 
 86 9 
 87 10 
 87 13 
 87 31 
 87 46 
 87 68 
 87 83 
 88 3 
 88 11 
 88 16 
 88 27 
 88 35 
 88 58 
 88 59 
 88 73 
 88 13 
 88 21 
 89 2 
 89 8 
 89 15 
 89 26 
 89 45 
 89 50 
 89 71 
 89 85 
 89 94 
 89 100 
 90 15 
 90 27 
 90 45 
 90 50 
 90 51 
 90 65 
 90 67 
 90 52 
 90 19 
 90 48 
 91 5 
 91 17 
 91 22 
 91 42 
 91 58 
 91 68 
 91 85 
 91 99 
 92 43 
 92 50 
 92 65 
 92 72 
 92 26 
 92 53 
 92 74 
 92 35 
 92 10 
 92 63 
 92 1 
 92 60 
 93 4 
 93 10 
 93 11 
 93 45 
 93 50 
 93 84 
 93 94 
 93 95 
 94 3 
 94 65 
 94 71 
 94 72 
 94 76 
 94 85 
 94 49 
 94 29 
 94 7 
 94 89 
 94 93 
 94 21 
 94 24 
 94 56 
 94 22 
 94 4 
 95 11 
 95 26 
 95 58 
 95 59 
 95 73 
 95 60 
 95 55 
 95 34 
 95 44 
 95 76 
 95 24 
 95 74 
 95 2 
 95 9 
 95 46 
 95 93 
 95 54 
 95 86 
 96 4 
 96 11 
 96 21 
 96 23 
 96 68 
 96 75 
 96 45 
 96 29 
 96 19 
 96 84 
 96 22 
 96 98 
 96 97 
 96 16 
 97 1 
 97 10 
 97 15 
 97 17 
 97 25 
 97 33 
 97 35 
 97 50 
 97 55 
 97 75 
 97 98 
 97 18 
 97 24 
 97 37 
 97 7 
 97 64 
 97 96 
 97 56 
 98 1 
 98 5 
 98 10 
 98 26 
 98 34 
 98 43 
 98 58 
 98 59 
 98 96 
 98 97 
 98 15 
 98 2 
 99 17 
 99 18 
 99 20 
 99 25 
 99 29 
 99 33 
 99 36 
 99 50 
 99 65 
 99 68 
 99 91 
 99 100 
 100 7 
 100 18 
 100 68 
 100 77 
 100 99 
 100 89 
 100 10 
 100 69 
 100 14 
 100 9 
 100 33 
 100 73 
