 100 1420
 1 19 
 1 60 
 1 23 
 1 26 
 1 81 
 1 96 
 1 65 
 1 56 
 1 35 
 1 67 
 1 17 
 1 47 
 1 9 
 1 14 
 1 15 
 1 24 
 2 66 
 2 7 
 2 80 
 2 95 
 2 79 
 2 96 
 2 88 
 2 6 
 2 87 
 2 54 
 2 56 
 2 21 
 2 36 
 2 99 
 2 62 
 2 76 
 2 48 
 2 57 
 2 64 
 2 59 
 2 3 
 2 8 
 2 10 
 2 11 
 2 18 
 2 44 
 3 61 
 3 94 
 3 19 
 3 99 
 3 26 
 3 40 
 3 30 
 3 36 
 3 87 
 3 67 
 3 28 
 3 68 
 3 75 
 3 52 
 3 2 
 3 95 
 3 11 
 3 16 
 3 18 
 3 20 
 4 72 
 4 41 
 4 13 
 4 60 
 4 85 
 4 91 
 4 16 
 4 92 
 4 30 
 4 37 
 4 20 
 4 33 
 4 50 
 4 55 
 5 12 
 5 27 
 5 50 
 5 56 
 5 16 
 5 99 
 5 62 
 5 79 
 5 95 
 5 88 
 5 91 
 5 38 
 5 90 
 5 34 
 5 40 
 5 61 
 5 7 
 5 14 
 5 36 
 5 59 
 5 84 
 5 98 
 6 2 
 6 51 
 6 19 
 6 48 
 6 81 
 6 46 
 6 63 
 6 25 
 6 83 
 6 11 
 6 62 
 6 91 
 6 36 
 6 32 
 6 42 
 6 56 
 6 57 
 6 26 
 6 45 
 6 33 
 6 13 
 6 18 
 6 30 
 6 49 
 6 50 
 6 16 
 7 2 
 7 16 
 7 47 
 7 83 
 7 30 
 7 37 
 7 27 
 7 13 
 7 77 
 7 76 
 7 64 
 7 5 
 7 8 
 7 26 
 7 73 
 7 36 
 8 67 
 8 7 
 8 63 
 8 2 
 8 9 
 8 17 
 8 46 
 8 50 
 8 68 
 8 86 
 9 96 
 9 33 
 9 52 
 9 72 
 9 70 
 9 1 
 9 28 
 9 88 
 9 8 
 9 43 
 9 29 
 9 38 
 9 58 
 9 12 
 9 40 
 9 59 
 10 2 
 10 77 
 10 18 
 10 24 
 10 26 
 10 40 
 10 43 
 10 48 
 10 84 
 10 86 
 10 99 
 10 46 
 11 6 
 11 38 
 11 92 
 11 36 
 11 89 
 11 42 
 11 2 
 11 71 
 11 23 
 11 96 
 11 80 
 11 46 
 11 29 
 11 18 
 11 90 
 11 60 
 11 3 
 11 85 
 11 47 
 11 76 
 11 13 
 11 14 
 11 16 
 11 50 
 11 67 
 11 68 
 12 5 
 12 9 
 12 13 
 12 14 
 12 15 
 12 29 
 12 34 
 12 44 
 12 71 
 12 80 
 13 4 
 13 7 
 13 12 
 13 6 
 13 83 
 13 15 
 13 81 
 13 87 
 13 14 
 13 11 
 13 18 
 13 94 
 13 25 
 13 52 
 13 82 
 13 92 
 13 23 
 13 40 
 13 48 
 13 84 
 14 13 
 14 97 
 14 41 
 14 70 
 14 98 
 14 80 
 14 50 
 14 35 
 14 12 
 14 30 
 14 81 
 14 74 
 14 11 
 14 63 
 14 16 
 14 55 
 14 46 
 14 34 
 14 1 
 14 5 
 14 18 
 14 23 
 14 26 
 14 69 
 14 84 
 14 86 
 15 13 
 15 22 
 15 28 
 15 71 
 15 52 
 15 33 
 15 100 
 15 99 
 15 41 
 15 66 
 15 90 
 15 54 
 15 42 
 15 1 
 15 91 
 15 12 
 15 30 
 15 36 
 15 46 
 15 16 
 15 17 
 15 31 
 15 40 
 15 62 
 16 4 
 16 5 
 16 7 
 16 14 
 16 15 
 16 81 
 16 83 
 16 92 
 16 11 
 16 94 
 16 20 
 16 34 
 16 29 
 16 3 
 16 19 
 16 24 
 16 67 
 16 75 
 16 78 
 16 6 
 17 1 
 17 67 
 17 50 
 17 15 
 17 64 
 17 92 
 17 85 
 17 8 
 17 75 
 17 55 
 17 93 
 17 88 
 17 20 
 17 96 
 17 91 
 17 66 
 17 46 
 17 78 
 17 21 
 17 70 
 17 30 
 17 36 
 17 40 
 17 68 
 18 11 
 18 13 
 18 14 
 18 6 
 18 3 
 18 26 
 18 76 
 18 33 
 18 27 
 18 39 
 18 10 
 18 66 
 18 72 
 18 32 
 18 2 
 18 53 
 18 22 
 18 24 
 18 40 
 18 62 
 19 1 
 19 3 
 19 6 
 19 97 
 19 93 
 19 95 
 19 16 
 19 57 
 19 39 
 19 43 
 19 66 
 19 71 
 20 16 
 20 17 
 20 42 
 20 96 
 20 94 
 20 3 
 20 89 
 20 32 
 20 24 
 20 4 
 20 73 
 20 54 
 20 33 
 20 35 
 20 36 
 20 78 
 20 99 
 20 26 
 21 2 
 21 17 
 21 23 
 21 24 
 21 26 
 21 33 
 21 36 
 21 66 
 21 67 
 21 68 
 21 69 
 21 71 
 21 99 
 21 40 
 22 15 
 22 96 
 22 18 
 22 41 
 22 43 
 22 53 
 22 64 
 22 44 
 22 31 
 22 51 
 22 60 
 22 66 
 23 1 
 23 11 
 23 21 
 23 49 
 23 93 
 23 86 
 23 55 
 23 69 
 23 79 
 23 14 
 23 85 
 23 40 
 23 74 
 23 13 
 23 31 
 23 34 
 23 51 
 23 84 
 24 20 
 24 45 
 24 34 
 24 73 
 24 30 
 24 89 
 24 10 
 24 58 
 24 16 
 24 18 
 24 21 
 24 1 
 24 51 
 24 98 
 24 33 
 24 74 
 24 31 
 24 43 
 24 46 
 24 48 
 24 67 
 24 75 
 24 78 
 24 88 
 25 6 
 25 13 
 25 100 
 25 54 
 25 49 
 25 43 
 25 34 
 25 59 
 25 60 
 25 68 
 25 94 
 25 95 
 25 99 
 25 31 
 26 1 
 26 3 
 26 6 
 26 18 
 26 47 
 26 14 
 26 92 
 26 41 
 26 91 
 26 21 
 26 84 
 26 27 
 26 87 
 26 63 
 26 61 
 26 54 
 26 49 
 26 86 
 26 7 
 26 10 
 26 39 
 26 50 
 26 51 
 26 75 
 26 95 
 26 20 
 27 5 
 27 7 
 27 18 
 27 26 
 27 35 
 27 86 
 27 43 
 27 46 
 28 3 
 28 9 
 28 15 
 28 82 
 28 34 
 28 29 
 28 100 
 28 35 
 28 59 
 28 60 
 28 56 
 28 30 
 28 40 
 28 46 
 29 9 
 29 11 
 29 16 
 29 28 
 29 12 
 29 66 
 29 82 
 29 96 
 29 64 
 29 40 
 29 42 
 29 73 
 29 94 
 29 43 
 29 51 
 29 67 
 29 69 
 29 95 
 30 3 
 30 4 
 30 7 
 30 14 
 30 15 
 30 24 
 30 65 
 30 17 
 30 63 
 30 28 
 30 55 
 30 99 
 30 6 
 30 33 
 30 78 
 30 47 
 30 81 
 30 87 
 30 59 
 30 69 
 31 59 
 31 58 
 31 45 
 31 69 
 31 24 
 31 68 
 31 22 
 31 82 
 31 80 
 31 98 
 31 23 
 31 70 
 31 54 
 31 51 
 31 39 
 31 15 
 31 67 
 31 34 
 31 33 
 31 60 
 31 75 
 31 25 
 32 6 
 32 18 
 32 20 
 32 72 
 32 46 
 32 50 
 32 35 
 32 49 
 32 60 
 32 74 
 33 6 
 33 9 
 33 15 
 33 18 
 33 24 
 33 30 
 33 91 
 33 21 
 33 43 
 33 47 
 33 57 
 33 4 
 33 100 
 33 20 
 33 95 
 33 31 
 33 48 
 33 92 
 33 68 
 33 75 
 34 5 
 34 14 
 34 16 
 34 24 
 34 28 
 34 31 
 34 71 
 34 37 
 34 48 
 34 94 
 34 25 
 34 54 
 34 93 
 34 23 
 34 67 
 34 92 
 34 12 
 34 63 
 34 60 
 34 98 
 35 1 
 35 14 
 35 27 
 35 28 
 35 53 
 35 58 
 35 82 
 35 78 
 35 32 
 35 69 
 35 20 
 35 79 
 35 50 
 35 68 
 36 2 
 36 3 
 36 6 
 36 11 
 36 15 
 36 93 
 36 100 
 36 5 
 36 83 
 36 17 
 36 57 
 36 21 
 36 20 
 36 78 
 36 62 
 36 7 
 37 4 
 37 7 
 37 34 
 37 40 
 37 75 
 37 78 
 38 5 
 38 9 
 38 11 
 38 94 
 38 43 
 38 48 
 38 49 
 38 62 
 38 78 
 38 86 
 38 95 
 38 99 
 39 18 
 39 31 
 39 52 
 39 55 
 39 68 
 39 63 
 39 74 
 39 26 
 39 93 
 39 98 
 39 19 
 39 82 
 39 64 
 39 94 
 40 3 
 40 5 
 40 23 
 40 29 
 40 28 
 40 78 
 40 52 
 40 10 
 40 18 
 40 54 
 40 13 
 40 17 
 40 37 
 40 42 
 40 9 
 40 15 
 40 48 
 40 68 
 40 69 
 40 21 
 41 4 
 41 14 
 41 15 
 41 22 
 41 26 
 41 77 
 41 72 
 41 45 
 41 89 
 41 81 
 41 97 
 41 71 
 42 6 
 42 11 
 42 15 
 42 20 
 42 29 
 42 40 
 42 46 
 42 79 
 42 43 
 42 51 
 42 86 
 42 71 
 43 9 
 43 22 
 43 25 
 43 33 
 43 24 
 43 19 
 43 42 
 43 10 
 43 76 
 43 81 
 43 27 
 43 90 
 43 98 
 43 55 
 43 74 
 43 92 
 43 100 
 43 38 
 43 89 
 43 29 
 43 49 
 43 50 
 43 78 
 43 84 
 43 95 
 43 51 
 44 22 
 44 2 
 44 12 
 44 74 
 44 64 
 44 66 
 45 6 
 45 24 
 45 31 
 45 41 
 45 84 
 45 99 
 46 6 
 46 11 
 46 14 
 46 15 
 46 17 
 46 32 
 46 42 
 46 27 
 46 99 
 46 61 
 46 28 
 46 24 
 46 8 
 46 89 
 46 62 
 46 10 
 47 1 
 47 7 
 47 11 
 47 26 
 47 30 
 47 33 
 47 63 
 47 73 
 47 71 
 47 74 
 48 2 
 48 6 
 48 33 
 48 34 
 48 10 
 48 58 
 48 85 
 48 57 
 48 40 
 48 87 
 48 49 
 48 76 
 48 24 
 48 13 
 48 97 
 48 63 
 48 38 
 48 82 
 48 55 
 48 95 
 49 23 
 49 25 
 49 26 
 49 48 
 49 96 
 49 72 
 49 83 
 49 43 
 49 38 
 49 63 
 49 32 
 49 6 
 49 50 
 49 51 
 50 5 
 50 14 
 50 17 
 50 32 
 50 64 
 50 51 
 50 4 
 50 98 
 50 26 
 50 89 
 50 68 
 50 58 
 50 54 
 50 6 
 50 35 
 50 49 
 50 43 
 50 11 
 50 8 
 50 83 
 50 78 
 50 95 
 51 6 
 51 24 
 51 31 
 51 50 
 51 22 
 51 52 
 51 26 
 51 49 
 51 61 
 51 74 
 51 98 
 51 89 
 51 78 
 51 85 
 51 72 
 51 23 
 51 42 
 51 29 
 51 59 
 51 43 
 52 3 
 52 9 
 52 13 
 52 15 
 52 39 
 52 40 
 52 51 
 52 68 
 52 94 
 52 99 
 53 18 
 53 22 
 53 35 
 53 57 
 53 99 
 53 67 
 53 70 
 53 54 
 54 2 
 54 15 
 54 20 
 54 25 
 54 26 
 54 31 
 54 34 
 54 40 
 54 50 
 54 60 
 54 62 
 54 53 
 55 14 
 55 17 
 55 23 
 55 30 
 55 39 
 55 43 
 55 88 
 55 77 
 55 83 
 55 48 
 55 98 
 55 4 
 55 68 
 55 80 
 56 1 
 56 2 
 56 5 
 56 6 
 56 28 
 56 65 
 57 2 
 57 6 
 57 19 
 57 33 
 57 36 
 57 48 
 57 53 
 57 84 
 58 9 
 58 24 
 58 31 
 58 35 
 58 48 
 58 50 
 58 64 
 58 69 
 59 2 
 59 28 
 59 31 
 59 51 
 59 9 
 59 61 
 59 100 
 59 30 
 59 5 
 59 75 
 59 97 
 59 96 
 59 25 
 59 70 
 60 1 
 60 4 
 60 11 
 60 28 
 60 34 
 60 62 
 60 68 
 60 90 
 60 32 
 60 95 
 60 76 
 60 31 
 60 74 
 60 54 
 60 78 
 60 25 
 60 96 
 60 22 
 60 73 
 60 94 
 61 3 
 61 5 
 61 26 
 61 46 
 61 51 
 61 59 
 61 62 
 61 64 
 61 95 
 61 100 
 62 2 
 62 5 
 62 6 
 62 60 
 62 85 
 62 67 
 62 73 
 62 54 
 62 15 
 62 38 
 62 65 
 62 61 
 62 70 
 62 46 
 62 36 
 62 18 
 63 6 
 63 8 
 63 14 
 63 26 
 63 30 
 63 34 
 63 39 
 63 47 
 63 48 
 63 49 
 63 78 
 63 82 
 64 2 
 64 7 
 64 17 
 64 22 
 64 29 
 64 50 
 64 61 
 64 58 
 64 75 
 64 44 
 64 39 
 64 86 
 64 88 
 64 94 
 65 1 
 65 30 
 65 62 
 65 56 
 66 2 
 66 15 
 66 17 
 66 18 
 66 29 
 66 69 
 66 44 
 66 22 
 66 19 
 66 21 
 67 1 
 67 3 
 67 8 
 67 17 
 67 31 
 67 34 
 67 53 
 67 62 
 67 16 
 67 29 
 67 21 
 67 90 
 67 82 
 67 24 
 67 11 
 67 80 
 68 3 
 68 31 
 68 39 
 68 50 
 68 60 
 68 91 
 68 33 
 68 55 
 68 8 
 68 21 
 68 11 
 68 25 
 68 79 
 68 52 
 68 35 
 68 77 
 68 96 
 68 40 
 68 73 
 68 17 
 69 23 
 69 31 
 69 35 
 69 66 
 69 90 
 69 29 
 69 85 
 69 30 
 69 100 
 69 58 
 69 21 
 69 72 
 69 14 
 69 87 
 69 40 
 69 83 
 69 77 
 69 73 
 70 9 
 70 14 
 70 17 
 70 31 
 70 59 
 70 62 
 70 53 
 70 88 
 70 78 
 70 84 
 71 11 
 71 15 
 71 34 
 71 47 
 71 89 
 71 96 
 71 19 
 71 21 
 71 41 
 71 12 
 71 94 
 71 42 
 72 4 
 72 9 
 72 18 
 72 32 
 72 41 
 72 49 
 72 51 
 72 69 
 72 86 
 72 94 
 73 20 
 73 24 
 73 29 
 73 47 
 73 62 
 73 76 
 73 68 
 73 92 
 73 89 
 73 69 
 73 90 
 73 94 
 73 7 
 73 60 
 74 14 
 74 23 
 74 24 
 74 39 
 74 43 
 74 44 
 74 47 
 74 51 
 74 60 
 74 32 
 75 3 
 75 17 
 75 59 
 75 64 
 75 33 
 75 16 
 75 24 
 75 37 
 75 26 
 75 31 
 76 2 
 76 7 
 76 11 
 76 18 
 76 43 
 76 48 
 76 60 
 76 73 
 77 7 
 77 10 
 77 41 
 77 55 
 77 68 
 77 69 
 77 86 
 77 95 
 78 17 
 78 30 
 78 35 
 78 36 
 78 40 
 78 51 
 78 60 
 78 63 
 78 43 
 78 70 
 78 50 
 78 93 
 78 24 
 78 81 
 78 20 
 78 38 
 78 16 
 78 37 
 79 2 
 79 5 
 79 23 
 79 35 
 79 42 
 79 68 
 79 98 
 79 99 
 80 2 
 80 11 
 80 14 
 80 31 
 80 67 
 80 93 
 80 55 
 80 12 
 81 1 
 81 6 
 81 13 
 81 14 
 81 16 
 81 30 
 81 41 
 81 43 
 81 78 
 81 86 
 82 13 
 82 28 
 82 29 
 82 31 
 82 35 
 82 39 
 82 48 
 82 67 
 82 95 
 82 63 
 83 6 
 83 7 
 83 13 
 83 16 
 83 36 
 83 49 
 83 50 
 83 55 
 83 69 
 83 88 
 84 26 
 84 13 
 84 98 
 84 14 
 84 43 
 84 45 
 84 23 
 84 10 
 84 5 
 84 57 
 84 86 
 84 70 
 85 4 
 85 11 
 85 17 
 85 23 
 85 48 
 85 51 
 85 62 
 85 69 
 86 23 
 86 26 
 86 27 
 86 64 
 86 42 
 86 81 
 86 96 
 86 38 
 86 8 
 86 98 
 86 72 
 86 94 
 86 14 
 86 10 
 86 84 
 86 77 
 87 2 
 87 3 
 87 13 
 87 26 
 87 30 
 87 48 
 87 69 
 87 97 
 88 2 
 88 5 
 88 9 
 88 17 
 88 55 
 88 70 
 88 24 
 88 64 
 88 98 
 88 83 
 89 11 
 89 20 
 89 24 
 89 41 
 89 43 
 89 46 
 89 50 
 89 51 
 89 71 
 89 73 
 90 5 
 90 11 
 90 15 
 90 43 
 90 60 
 90 67 
 90 69 
 90 73 
 91 4 
 91 5 
 91 6 
 91 15 
 91 17 
 91 26 
 91 33 
 91 68 
 92 4 
 92 11 
 92 13 
 92 16 
 92 17 
 92 26 
 92 33 
 92 34 
 92 43 
 92 73 
 93 17 
 93 19 
 93 23 
 93 34 
 93 36 
 93 39 
 93 78 
 93 80 
 94 3 
 94 13 
 94 16 
 94 20 
 94 29 
 94 34 
 94 38 
 94 73 
 94 86 
 94 72 
 94 25 
 94 60 
 94 64 
 94 71 
 94 39 
 94 52 
 95 2 
 95 3 
 95 5 
 95 19 
 95 33 
 95 60 
 95 50 
 95 48 
 95 26 
 95 61 
 95 38 
 95 25 
 95 43 
 95 29 
 95 77 
 95 82 
 96 1 
 96 2 
 96 9 
 96 11 
 96 17 
 96 20 
 96 22 
 96 29 
 96 49 
 96 59 
 96 60 
 96 68 
 96 71 
 96 86 
 97 14 
 97 19 
 97 41 
 97 48 
 97 59 
 97 87 
 98 14 
 98 24 
 98 31 
 98 39 
 98 43 
 98 50 
 98 51 
 98 55 
 98 84 
 98 86 
 98 79 
 98 88 
 98 34 
 98 5 
 99 2 
 99 3 
 99 5 
 99 15 
 99 30 
 99 46 
 99 53 
 99 38 
 99 10 
 99 21 
 99 45 
 99 25 
 99 20 
 99 100 
 99 52 
 99 79 
 100 15 
 100 25 
 100 28 
 100 33 
 100 36 
 100 43 
 100 59 
 100 69 
 100 99 
 100 61 
