 100 1532
 1 15 
 1 53 
 1 29 
 1 50 
 1 39 
 1 62 
 1 47 
 1 93 
 1 14 
 1 55 
 1 36 
 1 89 
 1 48 
 1 94 
 1 9 
 1 11 
 1 25 
 1 51 
 1 71 
 1 73 
 1 86 
 1 30 
 2 47 
 2 11 
 2 9 
 2 19 
 2 29 
 2 94 
 2 91 
 2 64 
 2 65 
 2 10 
 2 3 
 2 20 
 2 22 
 2 59 
 2 60 
 2 86 
 3 36 
 3 69 
 3 32 
 3 48 
 3 22 
 3 6 
 3 66 
 3 44 
 3 61 
 3 41 
 3 46 
 3 31 
 3 99 
 3 38 
 3 80 
 3 2 
 3 89 
 3 58 
 3 40 
 3 63 
 3 18 
 3 29 
 3 53 
 3 56 
 3 71 
 3 81 
 4 16 
 4 28 
 4 58 
 4 62 
 4 5 
 4 9 
 4 18 
 4 20 
 4 47 
 4 59 
 4 60 
 4 71 
 4 78 
 4 80 
 4 93 
 4 6 
 5 4 
 5 38 
 5 7 
 5 97 
 5 87 
 5 94 
 5 15 
 5 62 
 5 83 
 5 24 
 5 70 
 5 63 
 5 19 
 5 10 
 5 18 
 5 58 
 5 8 
 5 13 
 5 25 
 5 30 
 5 31 
 5 49 
 5 73 
 5 82 
 6 3 
 6 57 
 6 18 
 6 87 
 6 50 
 6 69 
 6 100 
 6 41 
 6 14 
 6 52 
 6 9 
 6 78 
 6 46 
 6 66 
 6 82 
 6 7 
 6 12 
 6 21 
 6 36 
 6 58 
 6 10 
 6 29 
 6 42 
 6 45 
 6 72 
 6 4 
 7 5 
 7 6 
 7 9 
 7 18 
 7 22 
 7 27 
 7 32 
 7 51 
 7 80 
 7 91 
 7 92 
 7 79 
 8 5 
 8 21 
 8 10 
 8 20 
 8 30 
 8 60 
 8 71 
 8 89 
 9 2 
 9 6 
 9 7 
 9 38 
 9 43 
 9 42 
 9 78 
 9 89 
 9 46 
 9 34 
 9 10 
 9 16 
 9 1 
 9 45 
 9 13 
 9 66 
 9 4 
 9 48 
 9 94 
 9 17 
 9 20 
 9 22 
 9 31 
 9 32 
 9 39 
 9 88 
 9 91 
 9 19 
 10 2 
 10 5 
 10 9 
 10 15 
 10 86 
 10 91 
 10 19 
 10 8 
 10 38 
 10 6 
 10 20 
 10 33 
 10 37 
 10 56 
 10 82 
 10 87 
 11 2 
 11 19 
 11 96 
 11 33 
 11 38 
 11 98 
 11 31 
 11 93 
 11 48 
 11 80 
 11 67 
 11 60 
 11 100 
 11 23 
 11 22 
 11 1 
 11 88 
 11 95 
 11 63 
 11 21 
 11 20 
 11 40 
 11 50 
 11 51 
 11 79 
 11 58 
 12 6 
 12 64 
 12 20 
 12 29 
 12 31 
 12 63 
 12 89 
 12 15 
 13 5 
 13 9 
 13 60 
 13 73 
 13 38 
 13 33 
 13 24 
 13 31 
 13 44 
 13 71 
 13 72 
 13 85 
 14 1 
 14 6 
 14 77 
 14 89 
 14 56 
 14 69 
 14 62 
 14 82 
 14 15 
 14 20 
 14 30 
 14 51 
 15 1 
 15 5 
 15 10 
 15 25 
 15 14 
 15 16 
 15 27 
 15 39 
 15 50 
 15 12 
 16 4 
 16 9 
 16 15 
 16 59 
 16 39 
 16 89 
 16 45 
 16 79 
 16 99 
 16 25 
 16 87 
 16 47 
 16 20 
 16 37 
 16 40 
 16 84 
 17 9 
 17 22 
 17 38 
 17 72 
 17 18 
 17 42 
 17 47 
 17 48 
 17 49 
 17 55 
 17 59 
 17 80 
 17 95 
 17 68 
 18 5 
 18 6 
 18 60 
 18 21 
 18 88 
 18 95 
 18 55 
 18 75 
 18 97 
 18 35 
 18 17 
 18 86 
 18 94 
 18 3 
 18 43 
 18 36 
 18 4 
 18 7 
 18 27 
 18 30 
 18 98 
 18 42 
 19 2 
 19 5 
 19 10 
 19 11 
 19 24 
 19 92 
 19 29 
 19 38 
 19 43 
 19 53 
 19 73 
 19 86 
 19 98 
 19 9 
 20 2 
 20 36 
 20 12 
 20 14 
 20 75 
 20 69 
 20 10 
 20 88 
 20 79 
 20 16 
 20 98 
 20 38 
 20 84 
 20 96 
 20 9 
 20 8 
 20 4 
 20 57 
 20 11 
 20 67 
 20 24 
 20 30 
 20 40 
 20 56 
 20 86 
 20 25 
 21 6 
 21 8 
 21 11 
 21 18 
 21 26 
 21 85 
 21 82 
 21 58 
 21 22 
 21 30 
 21 31 
 21 35 
 21 42 
 21 44 
 21 47 
 21 71 
 21 91 
 21 93 
 21 95 
 21 23 
 22 3 
 22 11 
 22 17 
 22 87 
 22 39 
 22 84 
 22 83 
 22 62 
 22 72 
 22 79 
 22 94 
 22 98 
 22 34 
 22 7 
 22 40 
 22 21 
 22 9 
 22 33 
 22 2 
 22 95 
 22 23 
 22 26 
 22 31 
 22 51 
 22 82 
 22 92 
 23 11 
 23 85 
 23 22 
 23 46 
 23 27 
 23 29 
 23 37 
 23 53 
 23 64 
 23 66 
 23 92 
 23 21 
 24 5 
 24 19 
 24 44 
 24 39 
 24 84 
 24 61 
 24 56 
 24 45 
 24 63 
 24 86 
 24 13 
 24 20 
 24 30 
 24 29 
 24 35 
 24 47 
 24 51 
 24 93 
 24 98 
 24 55 
 25 15 
 25 16 
 25 5 
 25 88 
 25 62 
 25 68 
 25 38 
 25 36 
 25 26 
 25 1 
 25 79 
 25 44 
 25 40 
 25 34 
 25 67 
 25 100 
 25 30 
 25 53 
 25 78 
 25 81 
 25 86 
 25 20 
 26 21 
 26 25 
 26 22 
 26 28 
 26 82 
 26 47 
 26 36 
 26 43 
 26 32 
 26 34 
 26 53 
 26 80 
 27 67 
 27 76 
 27 23 
 27 69 
 27 7 
 27 47 
 27 83 
 27 18 
 27 15 
 27 89 
 27 33 
 27 92 
 27 51 
 27 60 
 27 80 
 27 91 
 28 4 
 28 26 
 28 68 
 28 45 
 28 34 
 28 39 
 28 49 
 28 53 
 29 1 
 29 2 
 29 19 
 29 24 
 29 78 
 29 55 
 29 12 
 29 23 
 29 3 
 29 6 
 29 84 
 29 50 
 29 31 
 29 32 
 29 47 
 29 66 
 29 80 
 29 81 
 29 82 
 29 88 
 30 24 
 30 59 
 30 83 
 30 79 
 30 8 
 30 21 
 30 18 
 30 52 
 30 14 
 30 5 
 30 38 
 30 42 
 30 53 
 30 49 
 30 63 
 30 99 
 30 72 
 30 25 
 30 20 
 30 54 
 30 31 
 30 34 
 30 35 
 30 81 
 30 98 
 30 1 
 31 3 
 31 11 
 31 33 
 31 46 
 31 21 
 31 29 
 31 9 
 31 94 
 31 22 
 31 59 
 31 50 
 31 85 
 31 30 
 31 65 
 31 36 
 31 61 
 31 13 
 31 77 
 31 5 
 31 12 
 31 53 
 31 66 
 31 89 
 31 44 
 32 3 
 32 29 
 32 53 
 32 85 
 32 26 
 32 7 
 32 9 
 32 57 
 32 91 
 32 93 
 33 11 
 33 13 
 33 22 
 33 27 
 33 31 
 33 65 
 33 45 
 33 10 
 33 71 
 33 75 
 33 49 
 33 94 
 33 61 
 33 80 
 33 95 
 33 57 
 34 9 
 34 22 
 34 25 
 34 30 
 34 83 
 34 37 
 34 28 
 34 69 
 34 35 
 34 26 
 34 84 
 34 91 
 35 18 
 35 34 
 35 83 
 35 77 
 35 21 
 35 100 
 35 24 
 35 99 
 35 63 
 35 30 
 35 96 
 35 45 
 35 79 
 35 91 
 36 1 
 36 3 
 36 6 
 36 18 
 36 20 
 36 25 
 36 26 
 36 31 
 36 47 
 36 58 
 36 60 
 36 87 
 37 34 
 37 73 
 37 50 
 37 75 
 37 10 
 37 99 
 37 74 
 37 84 
 37 23 
 37 16 
 37 71 
 37 79 
 38 3 
 38 5 
 38 9 
 38 10 
 38 11 
 38 13 
 38 17 
 38 19 
 38 20 
 38 25 
 38 30 
 38 45 
 38 47 
 38 53 
 38 87 
 38 99 
 39 1 
 39 16 
 39 22 
 39 24 
 39 15 
 39 9 
 39 91 
 39 28 
 39 60 
 39 67 
 39 84 
 39 87 
 39 93 
 39 97 
 40 3 
 40 22 
 40 25 
 40 11 
 40 94 
 40 69 
 40 63 
 40 16 
 40 65 
 40 83 
 40 60 
 40 20 
 40 45 
 40 49 
 40 55 
 40 59 
 40 71 
 40 72 
 40 79 
 40 92 
 40 98 
 40 99 
 41 3 
 41 6 
 41 45 
 41 49 
 41 53 
 41 56 
 41 71 
 41 86 
 42 9 
 42 30 
 42 99 
 42 6 
 42 80 
 42 92 
 42 21 
 42 90 
 42 70 
 42 17 
 42 95 
 42 78 
 42 59 
 42 65 
 42 71 
 42 18 
 43 9 
 43 18 
 43 26 
 43 78 
 43 89 
 43 52 
 43 19 
 43 49 
 44 3 
 44 24 
 44 25 
 44 21 
 44 13 
 44 82 
 44 76 
 44 83 
 44 45 
 44 65 
 44 70 
 44 71 
 44 73 
 44 31 
 45 9 
 45 16 
 45 24 
 45 28 
 45 33 
 45 44 
 45 80 
 45 6 
 45 83 
 45 89 
 45 72 
 45 35 
 45 74 
 45 41 
 45 53 
 45 40 
 45 85 
 45 38 
 45 56 
 45 58 
 46 3 
 46 6 
 46 9 
 46 23 
 46 31 
 46 71 
 46 82 
 46 86 
 47 1 
 47 2 
 47 16 
 47 26 
 47 27 
 47 29 
 47 74 
 47 24 
 47 86 
 47 57 
 47 89 
 47 52 
 47 36 
 47 58 
 47 17 
 47 4 
 47 21 
 47 48 
 47 59 
 47 38 
 47 66 
 47 72 
 47 93 
 47 99 
 48 1 
 48 3 
 48 9 
 48 11 
 48 47 
 48 82 
 48 77 
 48 17 
 48 51 
 48 89 
 48 92 
 48 95 
 49 30 
 49 33 
 49 41 
 49 17 
 49 94 
 49 40 
 49 67 
 49 5 
 49 52 
 49 76 
 49 28 
 49 88 
 49 95 
 49 43 
 49 53 
 49 73 
 50 1 
 50 6 
 50 29 
 50 31 
 50 37 
 50 86 
 50 11 
 50 65 
 50 15 
 50 79 
 50 59 
 50 61 
 50 81 
 50 91 
 51 56 
 51 48 
 51 1 
 51 72 
 51 74 
 51 22 
 51 57 
 51 7 
 51 24 
 51 69 
 51 11 
 51 14 
 51 76 
 51 68 
 51 27 
 51 58 
 51 75 
 51 79 
 51 93 
 51 61 
 52 6 
 52 30 
 52 43 
 52 47 
 52 49 
 52 55 
 52 86 
 52 92 
 53 1 
 53 30 
 53 32 
 53 45 
 53 41 
 53 31 
 53 25 
 53 3 
 53 49 
 53 19 
 53 23 
 53 68 
 53 63 
 53 28 
 53 70 
 53 26 
 53 38 
 53 54 
 53 79 
 53 82 
 53 93 
 53 69 
 54 30 
 54 53 
 54 60 
 54 89 
 55 1 
 55 18 
 55 29 
 55 88 
 55 52 
 55 40 
 55 89 
 55 17 
 55 82 
 55 100 
 55 58 
 55 61 
 55 91 
 55 24 
 56 14 
 56 24 
 56 51 
 56 82 
 56 3 
 56 84 
 56 41 
 56 20 
 56 95 
 56 10 
 56 98 
 56 45 
 56 78 
 56 81 
 57 6 
 57 20 
 57 47 
 57 51 
 57 32 
 57 100 
 57 66 
 57 90 
 57 87 
 57 84 
 57 95 
 57 64 
 57 68 
 57 33 
 58 3 
 58 4 
 58 5 
 58 6 
 58 21 
 58 47 
 58 51 
 58 36 
 58 71 
 58 55 
 58 45 
 58 65 
 58 80 
 58 92 
 58 99 
 58 11 
 59 16 
 59 30 
 59 31 
 59 42 
 59 47 
 59 4 
 59 17 
 59 62 
 59 2 
 59 50 
 59 65 
 59 40 
 59 92 
 59 76 
 59 89 
 59 71 
 60 11 
 60 13 
 60 18 
 60 40 
 60 4 
 60 8 
 60 81 
 60 2 
 60 70 
 60 68 
 60 69 
 60 39 
 60 36 
 60 100 
 60 54 
 60 85 
 60 63 
 60 27 
 60 61 
 60 79 
 61 3 
 61 24 
 61 31 
 61 83 
 61 96 
 61 69 
 61 50 
 61 97 
 61 55 
 61 33 
 61 86 
 61 60 
 61 63 
 61 67 
 61 72 
 61 51 
 62 1 
 62 4 
 62 5 
 62 14 
 62 22 
 62 25 
 62 59 
 62 73 
 62 86 
 62 95 
 63 3 
 63 5 
 63 11 
 63 24 
 63 30 
 63 35 
 63 40 
 63 53 
 63 60 
 63 12 
 63 94 
 63 61 
 63 93 
 63 99 
 64 2 
 64 12 
 64 57 
 64 84 
 64 23 
 64 97 
 64 73 
 64 93 
 65 2 
 65 31 
 65 33 
 65 40 
 65 42 
 65 50 
 65 58 
 65 59 
 65 76 
 65 44 
 65 86 
 65 91 
 66 3 
 66 6 
 66 9 
 66 57 
 66 78 
 66 90 
 66 29 
 66 97 
 66 80 
 66 94 
 66 31 
 66 23 
 66 47 
 66 82 
 66 72 
 66 77 
 66 88 
 66 91 
 67 11 
 67 20 
 67 25 
 67 27 
 67 49 
 67 39 
 67 75 
 67 61 
 67 68 
 67 73 
 68 25 
 68 28 
 68 51 
 68 53 
 68 60 
 68 96 
 68 76 
 68 67 
 68 57 
 68 85 
 68 99 
 68 17 
 69 3 
 69 6 
 69 14 
 69 20 
 69 27 
 69 34 
 69 40 
 69 51 
 69 60 
 69 61 
 69 71 
 69 53 
 70 5 
 70 42 
 70 53 
 70 60 
 70 44 
 70 75 
 70 73 
 70 91 
 71 33 
 71 58 
 71 13 
 71 95 
 71 4 
 71 100 
 71 3 
 71 44 
 71 40 
 71 81 
 71 41 
 71 37 
 71 8 
 71 69 
 71 75 
 71 21 
 71 83 
 71 1 
 71 46 
 71 42 
 71 72 
 71 80 
 71 99 
 71 59 
 72 17 
 72 22 
 72 30 
 72 45 
 72 51 
 72 47 
 72 40 
 72 6 
 72 61 
 72 66 
 72 13 
 72 71 
 72 79 
 72 81 
 73 13 
 73 37 
 73 64 
 73 70 
 73 78 
 73 49 
 73 85 
 73 5 
 73 1 
 73 62 
 73 67 
 73 79 
 73 19 
 73 44 
 73 87 
 73 75 
 74 37 
 74 45 
 74 47 
 74 51 
 75 18 
 75 20 
 75 33 
 75 37 
 75 67 
 75 70 
 75 71 
 75 51 
 75 96 
 75 84 
 75 87 
 75 98 
 75 99 
 75 73 
 76 27 
 76 44 
 76 49 
 76 51 
 76 59 
 76 65 
 76 68 
 76 79 
 76 84 
 76 86 
 77 14 
 77 31 
 77 35 
 77 48 
 77 78 
 77 66 
 77 82 
 77 93 
 77 98 
 77 84 
 78 6 
 78 9 
 78 29 
 78 42 
 78 43 
 78 66 
 78 73 
 78 77 
 78 25 
 78 88 
 78 56 
 78 4 
 78 82 
 78 89 
 79 16 
 79 20 
 79 22 
 79 25 
 79 30 
 79 50 
 79 73 
 79 37 
 79 53 
 79 81 
 79 96 
 79 40 
 79 76 
 79 91 
 79 99 
 79 35 
 79 72 
 79 51 
 79 11 
 79 60 
 79 89 
 79 7 
 80 3 
 80 11 
 80 42 
 80 45 
 80 66 
 80 26 
 80 71 
 80 87 
 80 97 
 80 33 
 80 58 
 80 4 
 80 7 
 80 99 
 80 85 
 80 96 
 80 27 
 80 29 
 80 17 
 80 92 
 81 60 
 81 71 
 81 79 
 81 29 
 81 72 
 81 50 
 81 3 
 81 86 
 81 30 
 81 25 
 81 91 
 81 56 
 82 6 
 82 14 
 82 21 
 82 26 
 82 44 
 82 48 
 82 55 
 82 56 
 82 66 
 82 77 
 82 22 
 82 10 
 82 91 
 82 29 
 82 78 
 82 53 
 82 46 
 82 5 
 83 5 
 83 22 
 83 27 
 83 30 
 83 34 
 83 35 
 83 40 
 83 44 
 83 45 
 83 61 
 83 71 
 83 84 
 83 87 
 83 92 
 84 20 
 84 22 
 84 24 
 84 29 
 84 37 
 84 56 
 84 57 
 84 64 
 84 75 
 84 83 
 84 39 
 84 100 
 84 16 
 84 76 
 84 34 
 84 90 
 84 93 
 84 77 
 85 21 
 85 23 
 85 31 
 85 32 
 85 45 
 85 60 
 85 68 
 85 73 
 85 80 
 85 91 
 85 99 
 85 13 
 86 10 
 86 18 
 86 24 
 86 47 
 86 50 
 86 61 
 86 81 
 86 2 
 86 62 
 86 1 
 86 76 
 86 65 
 86 46 
 86 41 
 86 19 
 86 20 
 86 52 
 86 25 
 86 95 
 86 98 
 87 5 
 87 6 
 87 16 
 87 22 
 87 57 
 87 80 
 87 83 
 87 38 
 87 92 
 87 73 
 87 75 
 87 88 
 87 36 
 87 39 
 87 93 
 87 10 
 88 11 
 88 18 
 88 20 
 88 25 
 88 49 
 88 55 
 88 78 
 88 87 
 88 9 
 88 66 
 88 29 
 88 91 
 89 1 
 89 3 
 89 9 
 89 14 
 89 16 
 89 27 
 89 43 
 89 45 
 89 47 
 89 55 
 89 8 
 89 59 
 89 48 
 89 12 
 89 31 
 89 54 
 89 79 
 89 78 
 89 92 
 89 93 
 90 42 
 90 57 
 90 66 
 90 84 
 91 2 
 91 10 
 91 39 
 91 79 
 91 82 
 91 55 
 91 88 
 91 21 
 91 66 
 91 50 
 91 65 
 91 81 
 91 35 
 91 32 
 91 70 
 91 85 
 91 9 
 91 34 
 91 98 
 91 7 
 91 93 
 91 27 
 92 19 
 92 27 
 92 42 
 92 59 
 92 80 
 92 87 
 92 89 
 92 22 
 92 97 
 92 48 
 92 52 
 92 7 
 92 23 
 92 58 
 92 83 
 92 40 
 93 1 
 93 11 
 93 47 
 93 63 
 93 89 
 93 4 
 93 87 
 93 53 
 93 77 
 93 91 
 93 24 
 93 51 
 93 84 
 93 64 
 93 39 
 93 32 
 93 21 
 93 95 
 94 1 
 94 2 
 94 5 
 94 9 
 94 18 
 94 22 
 94 31 
 94 33 
 94 40 
 94 49 
 94 63 
 94 66 
 95 11 
 95 18 
 95 22 
 95 42 
 95 49 
 95 56 
 95 57 
 95 71 
 95 93 
 95 86 
 95 99 
 95 62 
 95 33 
 95 21 
 95 17 
 95 48 
 96 11 
 96 20 
 96 35 
 96 61 
 96 68 
 96 75 
 96 79 
 96 80 
 97 5 
 97 18 
 97 61 
 97 64 
 97 66 
 97 80 
 97 92 
 97 39 
 98 11 
 98 20 
 98 22 
 98 56 
 98 91 
 98 86 
 98 24 
 98 75 
 98 77 
 98 40 
 98 30 
 98 100 
 98 18 
 98 19 
 99 3 
 99 16 
 99 30 
 99 35 
 99 37 
 99 42 
 99 79 
 99 80 
 99 95 
 99 63 
 99 71 
 99 75 
 99 68 
 99 58 
 99 38 
 99 85 
 99 47 
 99 40 
 100 6 
 100 11 
 100 25 
 100 35 
 100 55 
 100 57 
 100 60 
 100 71 
 100 84 
 100 98 
