 100 1584
 1 95 
 1 52 
 1 77 
 1 43 
 1 13 
 1 21 
 1 97 
 1 50 
 1 96 
 1 23 
 1 29 
 1 75 
 1 99 
 1 83 
 1 86 
 1 33 
 1 81 
 1 60 
 1 3 
 1 10 
 1 12 
 1 22 
 1 51 
 1 79 
 2 36 
 2 33 
 2 40 
 2 19 
 2 28 
 2 8 
 2 12 
 2 23 
 2 32 
 2 37 
 2 50 
 2 54 
 2 62 
 2 98 
 3 36 
 3 51 
 3 78 
 3 23 
 3 64 
 3 24 
 3 53 
 3 1 
 3 41 
 3 80 
 3 18 
 3 12 
 3 42 
 3 11 
 3 29 
 3 58 
 3 71 
 3 46 
 3 40 
 3 48 
 3 5 
 3 7 
 3 14 
 3 33 
 3 34 
 3 38 
 3 39 
 3 45 
 3 86 
 3 88 
 4 14 
 4 61 
 4 49 
 4 12 
 4 73 
 4 39 
 4 96 
 4 80 
 4 29 
 4 52 
 4 87 
 4 92 
 4 10 
 4 28 
 4 15 
 4 24 
 4 89 
 4 26 
 4 36 
 4 37 
 4 19 
 4 23 
 4 50 
 4 51 
 4 56 
 4 62 
 4 67 
 4 74 
 5 86 
 5 44 
 5 88 
 5 67 
 5 61 
 5 98 
 5 39 
 5 20 
 5 65 
 5 18 
 5 29 
 5 85 
 5 69 
 5 43 
 5 25 
 5 71 
 5 36 
 5 3 
 5 94 
 5 42 
 5 19 
 5 24 
 5 66 
 5 73 
 5 82 
 5 84 
 6 49 
 6 54 
 6 20 
 6 96 
 6 8 
 6 15 
 6 21 
 6 26 
 6 34 
 6 66 
 6 100 
 6 41 
 7 24 
 7 87 
 7 3 
 7 99 
 7 61 
 7 8 
 7 52 
 7 42 
 7 43 
 7 62 
 7 40 
 7 86 
 7 20 
 7 23 
 7 84 
 7 27 
 7 18 
 7 14 
 7 12 
 7 13 
 7 21 
 7 57 
 7 69 
 7 83 
 7 98 
 7 32 
 8 2 
 8 7 
 8 20 
 8 56 
 8 6 
 8 37 
 8 12 
 8 13 
 8 28 
 8 31 
 8 38 
 8 64 
 9 11 
 9 33 
 9 42 
 9 37 
 9 79 
 9 62 
 9 14 
 9 27 
 9 92 
 9 69 
 9 43 
 9 57 
 9 28 
 9 77 
 9 18 
 9 20 
 9 23 
 9 38 
 9 49 
 9 54 
 9 82 
 9 88 
 10 4 
 10 93 
 10 97 
 10 26 
 10 1 
 10 43 
 10 78 
 10 66 
 10 95 
 10 25 
 10 68 
 10 81 
 10 88 
 10 60 
 10 15 
 10 20 
 10 21 
 10 30 
 10 34 
 10 39 
 10 55 
 10 69 
 10 90 
 10 99 
 11 3 
 11 9 
 11 67 
 11 76 
 11 19 
 11 26 
 11 66 
 11 78 
 12 3 
 12 4 
 12 82 
 12 2 
 12 56 
 12 8 
 12 35 
 12 7 
 12 77 
 12 68 
 12 70 
 12 49 
 12 89 
 12 1 
 12 23 
 12 96 
 12 93 
 12 37 
 12 14 
 12 15 
 12 45 
 12 72 
 12 76 
 12 83 
 13 1 
 13 75 
 13 57 
 13 8 
 13 84 
 13 71 
 13 7 
 13 51 
 13 17 
 13 89 
 13 19 
 13 55 
 13 46 
 13 16 
 13 20 
 13 65 
 13 66 
 13 90 
 14 4 
 14 7 
 14 9 
 14 16 
 14 83 
 14 35 
 14 3 
 14 68 
 14 96 
 14 55 
 14 12 
 14 52 
 14 65 
 14 32 
 14 61 
 14 60 
 14 39 
 14 53 
 14 94 
 14 97 
 15 4 
 15 51 
 15 25 
 15 6 
 15 60 
 15 30 
 15 12 
 15 10 
 15 92 
 15 48 
 15 49 
 15 73 
 15 61 
 15 59 
 15 35 
 15 21 
 15 19 
 15 28 
 15 39 
 15 56 
 15 87 
 15 90 
 15 100 
 15 66 
 16 14 
 16 74 
 16 40 
 16 22 
 16 62 
 16 88 
 16 34 
 16 58 
 16 99 
 16 13 
 16 83 
 16 17 
 16 46 
 16 65 
 16 96 
 16 93 
 16 36 
 16 59 
 16 27 
 16 26 
 16 19 
 16 37 
 16 39 
 16 47 
 16 60 
 16 95 
 17 13 
 17 16 
 17 20 
 17 23 
 17 43 
 17 56 
 17 87 
 17 89 
 18 3 
 18 5 
 18 7 
 18 87 
 18 9 
 18 41 
 18 97 
 18 78 
 18 52 
 18 40 
 18 44 
 18 47 
 19 2 
 19 13 
 19 11 
 19 31 
 19 28 
 19 16 
 19 71 
 19 54 
 19 42 
 19 79 
 19 98 
 19 57 
 19 60 
 19 4 
 19 86 
 19 70 
 19 92 
 19 75 
 19 15 
 19 5 
 19 26 
 19 27 
 19 39 
 19 47 
 19 64 
 19 95 
 20 5 
 20 6 
 20 7 
 20 8 
 20 92 
 20 10 
 20 95 
 20 62 
 20 56 
 20 31 
 20 47 
 20 28 
 20 25 
 20 90 
 20 9 
 20 13 
 20 76 
 20 63 
 20 61 
 20 17 
 20 33 
 20 42 
 20 79 
 20 100 
 21 1 
 21 15 
 21 70 
 21 95 
 21 29 
 21 7 
 21 92 
 21 69 
 21 6 
 21 72 
 21 10 
 21 82 
 21 30 
 21 42 
 21 47 
 21 51 
 21 52 
 21 86 
 21 94 
 21 65 
 22 16 
 22 75 
 22 37 
 22 1 
 22 44 
 22 47 
 22 54 
 22 95 
 23 1 
 23 3 
 23 7 
 23 12 
 23 83 
 23 47 
 23 63 
 23 30 
 23 9 
 23 25 
 23 95 
 23 79 
 23 17 
 23 71 
 23 80 
 23 4 
 23 2 
 23 42 
 23 27 
 23 32 
 23 57 
 23 100 
 24 3 
 24 4 
 24 7 
 24 43 
 24 5 
 24 99 
 24 55 
 24 86 
 24 31 
 24 48 
 24 53 
 24 65 
 24 66 
 24 73 
 25 5 
 25 10 
 25 15 
 25 20 
 25 23 
 25 26 
 25 36 
 25 60 
 25 62 
 25 66 
 25 80 
 25 52 
 26 4 
 26 10 
 26 16 
 26 97 
 26 88 
 26 55 
 26 6 
 26 44 
 26 19 
 26 57 
 26 25 
 26 11 
 26 83 
 26 53 
 26 43 
 26 54 
 26 85 
 26 98 
 27 7 
 27 9 
 27 16 
 27 52 
 27 30 
 27 77 
 27 60 
 27 96 
 27 90 
 27 23 
 27 19 
 27 54 
 27 37 
 27 51 
 27 53 
 27 87 
 28 2 
 28 4 
 28 9 
 28 19 
 28 20 
 28 48 
 28 30 
 28 8 
 28 29 
 28 41 
 28 46 
 28 50 
 28 15 
 28 96 
 28 37 
 28 39 
 28 73 
 28 78 
 29 1 
 29 3 
 29 4 
 29 5 
 29 21 
 29 28 
 29 51 
 29 86 
 29 88 
 29 100 
 30 15 
 30 23 
 30 27 
 30 28 
 30 61 
 30 43 
 30 64 
 30 54 
 30 51 
 30 67 
 30 66 
 30 21 
 30 60 
 30 75 
 30 77 
 30 10 
 30 33 
 30 34 
 31 19 
 31 20 
 31 44 
 31 24 
 31 81 
 31 8 
 31 67 
 31 76 
 31 32 
 31 48 
 31 50 
 31 36 
 31 96 
 31 77 
 31 47 
 31 54 
 31 62 
 31 83 
 31 84 
 31 90 
 32 14 
 32 31 
 32 59 
 32 55 
 32 70 
 32 34 
 32 23 
 32 2 
 32 78 
 32 63 
 32 75 
 32 84 
 32 42 
 32 93 
 32 45 
 32 49 
 32 51 
 32 65 
 32 67 
 32 7 
 33 1 
 33 2 
 33 9 
 33 98 
 33 96 
 33 81 
 33 30 
 33 3 
 33 40 
 33 20 
 33 35 
 33 43 
 33 95 
 33 49 
 34 16 
 34 32 
 34 92 
 34 53 
 34 41 
 34 68 
 34 77 
 34 6 
 34 30 
 34 37 
 34 3 
 34 10 
 34 39 
 34 91 
 34 40 
 34 49 
 34 36 
 34 54 
 34 60 
 34 80 
 34 98 
 34 94 
 35 12 
 35 14 
 35 15 
 35 33 
 35 39 
 35 43 
 35 48 
 35 57 
 35 66 
 35 99 
 36 2 
 36 3 
 36 4 
 36 5 
 36 16 
 36 31 
 36 34 
 36 25 
 36 59 
 36 44 
 36 84 
 36 99 
 36 100 
 36 79 
 37 4 
 37 8 
 37 9 
 37 12 
 37 22 
 37 34 
 37 27 
 37 83 
 37 28 
 37 16 
 37 2 
 37 71 
 37 45 
 37 47 
 37 72 
 37 73 
 37 98 
 37 78 
 38 8 
 38 9 
 38 3 
 38 65 
 38 48 
 38 64 
 38 67 
 38 76 
 38 97 
 38 93 
 39 4 
 39 5 
 39 34 
 39 14 
 39 19 
 39 56 
 39 76 
 39 10 
 39 35 
 39 89 
 39 49 
 39 3 
 39 100 
 39 70 
 39 16 
 39 58 
 39 15 
 39 40 
 39 83 
 39 28 
 39 45 
 39 57 
 39 88 
 39 90 
 40 2 
 40 3 
 40 7 
 40 16 
 40 18 
 40 33 
 40 34 
 40 39 
 40 53 
 40 76 
 40 94 
 40 48 
 41 3 
 41 18 
 41 28 
 41 34 
 41 53 
 41 62 
 41 74 
 41 85 
 41 100 
 41 6 
 42 3 
 42 5 
 42 7 
 42 9 
 42 19 
 42 23 
 42 32 
 42 21 
 42 20 
 42 84 
 42 57 
 42 80 
 42 82 
 42 85 
 42 86 
 42 98 
 43 1 
 43 5 
 43 7 
 43 9 
 43 10 
 43 24 
 43 30 
 43 33 
 43 81 
 43 35 
 43 99 
 43 17 
 43 61 
 43 26 
 43 53 
 43 87 
 44 5 
 44 26 
 44 31 
 44 36 
 44 22 
 44 18 
 44 47 
 44 51 
 44 53 
 44 65 
 44 67 
 44 74 
 44 78 
 44 86 
 45 85 
 45 12 
 45 60 
 45 98 
 45 87 
 45 37 
 45 79 
 45 32 
 45 39 
 45 3 
 45 66 
 45 72 
 46 3 
 46 13 
 46 16 
 46 28 
 46 65 
 46 74 
 46 99 
 46 59 
 47 20 
 47 23 
 47 16 
 47 37 
 47 19 
 47 57 
 47 76 
 47 21 
 47 96 
 47 18 
 47 74 
 47 81 
 47 61 
 47 83 
 47 44 
 47 31 
 47 22 
 47 66 
 48 3 
 48 15 
 48 28 
 48 31 
 48 24 
 48 38 
 48 94 
 48 35 
 48 83 
 48 40 
 49 4 
 49 6 
 49 12 
 49 15 
 49 34 
 49 39 
 49 9 
 49 32 
 49 92 
 49 78 
 49 51 
 49 67 
 49 95 
 49 33 
 50 1 
 50 28 
 50 31 
 50 70 
 50 61 
 50 57 
 50 4 
 50 84 
 50 95 
 50 63 
 50 2 
 50 68 
 50 53 
 50 55 
 50 78 
 50 72 
 51 3 
 51 13 
 51 15 
 51 30 
 51 4 
 51 21 
 51 73 
 51 27 
 51 32 
 51 94 
 51 44 
 51 1 
 51 89 
 51 80 
 51 49 
 51 29 
 51 53 
 51 60 
 51 62 
 51 87 
 51 88 
 51 100 
 52 1 
 52 4 
 52 7 
 52 14 
 52 18 
 52 27 
 52 93 
 52 21 
 52 66 
 52 68 
 52 98 
 52 25 
 53 3 
 53 26 
 53 34 
 53 50 
 53 75 
 53 40 
 53 24 
 53 60 
 53 44 
 53 61 
 53 93 
 53 51 
 53 77 
 53 65 
 53 81 
 53 14 
 53 70 
 53 27 
 53 41 
 53 43 
 53 67 
 53 84 
 54 6 
 54 19 
 54 27 
 54 30 
 54 34 
 54 58 
 54 26 
 54 9 
 54 31 
 54 72 
 54 63 
 54 22 
 54 71 
 54 2 
 54 66 
 54 76 
 54 80 
 54 88 
 54 90 
 54 97 
 55 13 
 55 14 
 55 24 
 55 26 
 55 32 
 55 92 
 55 64 
 55 100 
 55 61 
 55 50 
 55 68 
 55 10 
 55 57 
 55 65 
 55 78 
 55 76 
 56 8 
 56 12 
 56 20 
 56 39 
 56 82 
 56 75 
 56 17 
 56 87 
 56 4 
 56 94 
 56 68 
 56 15 
 57 9 
 57 13 
 57 19 
 57 26 
 57 47 
 57 50 
 57 61 
 57 35 
 57 86 
 57 94 
 57 74 
 57 90 
 57 39 
 57 23 
 57 42 
 57 7 
 57 55 
 57 59 
 57 65 
 57 67 
 57 97 
 57 99 
 58 3 
 58 16 
 58 39 
 58 54 
 58 79 
 58 91 
 59 15 
 59 16 
 59 32 
 59 36 
 59 57 
 59 66 
 59 69 
 59 46 
 60 1 
 60 10 
 60 14 
 60 15 
 60 19 
 60 27 
 60 30 
 60 45 
 60 53 
 60 16 
 60 51 
 60 97 
 60 61 
 60 64 
 60 25 
 60 34 
 61 4 
 61 5 
 61 7 
 61 14 
 61 15 
 61 20 
 61 30 
 61 43 
 61 47 
 61 50 
 61 53 
 61 55 
 61 57 
 61 60 
 61 90 
 61 100 
 62 7 
 62 9 
 62 16 
 62 20 
 62 31 
 62 51 
 62 2 
 62 4 
 62 41 
 62 83 
 62 92 
 62 25 
 62 67 
 62 84 
 62 87 
 62 88 
 63 20 
 63 23 
 63 32 
 63 50 
 63 54 
 63 82 
 63 68 
 63 72 
 64 3 
 64 30 
 64 55 
 64 60 
 64 99 
 64 38 
 64 86 
 64 85 
 64 8 
 64 19 
 64 72 
 64 82 
 65 5 
 65 14 
 65 16 
 65 38 
 65 53 
 65 57 
 65 32 
 65 44 
 65 82 
 65 46 
 65 88 
 65 55 
 65 71 
 65 78 
 65 24 
 65 13 
 65 99 
 65 21 
 66 10 
 66 30 
 66 59 
 66 6 
 66 13 
 66 35 
 66 78 
 66 88 
 66 87 
 66 11 
 66 45 
 66 89 
 66 47 
 66 83 
 66 94 
 66 24 
 66 25 
 66 5 
 66 52 
 66 54 
 66 76 
 66 85 
 66 86 
 66 15 
 67 5 
 67 11 
 67 30 
 67 31 
 67 92 
 67 79 
 67 91 
 67 38 
 67 32 
 67 49 
 67 71 
 67 75 
 67 4 
 67 86 
 67 62 
 67 53 
 67 57 
 67 44 
 67 72 
 67 84 
 68 10 
 68 12 
 68 14 
 68 34 
 68 50 
 68 55 
 68 56 
 68 95 
 68 52 
 68 74 
 68 76 
 68 63 
 68 80 
 68 97 
 69 5 
 69 9 
 69 21 
 69 91 
 69 10 
 69 7 
 69 73 
 69 59 
 69 72 
 69 82 
 69 83 
 69 87 
 70 12 
 70 19 
 70 21 
 70 32 
 70 39 
 70 50 
 70 53 
 70 74 
 70 86 
 70 88 
 71 3 
 71 5 
 71 13 
 71 19 
 71 23 
 71 37 
 71 54 
 71 65 
 71 67 
 71 72 
 71 88 
 71 77 
 72 21 
 72 54 
 72 69 
 72 93 
 72 37 
 72 80 
 72 63 
 72 71 
 72 64 
 72 90 
 72 67 
 72 45 
 72 97 
 72 12 
 72 100 
 72 50 
 73 4 
 73 15 
 73 51 
 73 69 
 73 28 
 73 94 
 73 37 
 73 5 
 73 76 
 73 86 
 73 90 
 73 24 
 74 16 
 74 47 
 74 57 
 74 68 
 74 70 
 74 46 
 74 4 
 74 90 
 74 41 
 74 44 
 74 77 
 74 97 
 75 1 
 75 13 
 75 19 
 75 22 
 75 30 
 75 32 
 75 53 
 75 56 
 75 67 
 75 94 
 76 11 
 76 20 
 76 31 
 76 39 
 76 47 
 76 68 
 76 54 
 76 80 
 76 40 
 76 95 
 76 12 
 76 38 
 76 66 
 76 73 
 76 79 
 76 55 
 77 1 
 77 9 
 77 12 
 77 27 
 77 30 
 77 31 
 77 34 
 77 53 
 77 74 
 77 88 
 77 90 
 77 71 
 78 3 
 78 10 
 78 18 
 78 32 
 78 49 
 78 65 
 78 66 
 78 55 
 78 50 
 78 97 
 78 28 
 78 44 
 78 81 
 78 11 
 78 84 
 78 37 
 79 9 
 79 19 
 79 23 
 79 45 
 79 67 
 79 76 
 79 88 
 79 58 
 79 20 
 79 1 
 79 100 
 79 36 
 80 3 
 80 4 
 80 23 
 80 51 
 80 72 
 80 76 
 80 81 
 80 85 
 80 34 
 80 42 
 80 54 
 80 82 
 80 25 
 80 68 
 81 1 
 81 10 
 81 31 
 81 33 
 81 43 
 81 47 
 81 53 
 81 78 
 81 80 
 81 95 
 82 12 
 82 21 
 82 56 
 82 63 
 82 65 
 82 80 
 82 64 
 82 5 
 82 42 
 82 96 
 82 9 
 82 69 
 83 1 
 83 14 
 83 16 
 83 23 
 83 26 
 83 37 
 83 39 
 83 47 
 83 62 
 83 66 
 83 31 
 83 69 
 83 48 
 83 7 
 83 94 
 83 100 
 83 95 
 83 86 
 83 90 
 83 12 
 84 7 
 84 13 
 84 32 
 84 42 
 84 50 
 84 36 
 84 53 
 84 5 
 84 67 
 84 31 
 84 62 
 84 78 
 84 90 
 84 96 
 85 5 
 85 45 
 85 64 
 85 80 
 85 26 
 85 42 
 85 86 
 85 66 
 85 41 
 85 100 
 86 1 
 86 5 
 86 7 
 86 19 
 86 24 
 86 57 
 86 64 
 86 67 
 86 83 
 86 85 
 86 93 
 86 70 
 86 73 
 86 44 
 86 29 
 86 66 
 86 42 
 86 21 
 86 94 
 86 3 
 87 4 
 87 7 
 87 18 
 87 45 
 87 56 
 87 66 
 87 51 
 87 43 
 87 27 
 87 62 
 87 17 
 87 15 
 87 95 
 87 69 
 88 5 
 88 10 
 88 16 
 88 26 
 88 65 
 88 66 
 88 79 
 88 93 
 88 3 
 88 54 
 88 51 
 88 62 
 88 77 
 88 9 
 88 71 
 88 70 
 88 29 
 88 39 
 89 4 
 89 12 
 89 13 
 89 39 
 89 51 
 89 66 
 89 97 
 89 17 
 90 20 
 90 27 
 90 57 
 90 72 
 90 74 
 90 73 
 90 31 
 90 61 
 90 54 
 90 83 
 90 10 
 90 77 
 90 96 
 90 39 
 90 84 
 90 15 
 90 13 
 90 92 
 90 94 
 90 95 
 91 34 
 91 67 
 91 69 
 91 58 
 92 4 
 92 9 
 92 15 
 92 19 
 92 20 
 92 21 
 92 34 
 92 49 
 92 55 
 92 62 
 92 67 
 92 90 
 92 98 
 92 99 
 93 10 
 93 12 
 93 16 
 93 32 
 93 52 
 93 53 
 93 72 
 93 86 
 93 88 
 93 38 
 94 5 
 94 48 
 94 51 
 94 56 
 94 57 
 94 66 
 94 73 
 94 83 
 94 86 
 94 40 
 94 90 
 94 14 
 94 21 
 94 75 
 94 98 
 94 34 
 95 1 
 95 10 
 95 20 
 95 21 
 95 23 
 95 50 
 95 68 
 95 76 
 95 81 
 95 83 
 95 16 
 95 90 
 95 19 
 95 87 
 95 22 
 95 33 
 95 49 
 95 98 
 96 1 
 96 4 
 96 6 
 96 12 
 96 14 
 96 16 
 96 27 
 96 28 
 96 31 
 96 33 
 96 47 
 96 82 
 96 90 
 96 98 
 96 100 
 96 84 
 97 1 
 97 10 
 97 18 
 97 26 
 97 60 
 97 72 
 97 78 
 97 14 
 97 68 
 97 38 
 97 54 
 97 74 
 97 89 
 97 57 
 98 5 
 98 19 
 98 33 
 98 45 
 98 95 
 98 96 
 98 2 
 98 94 
 98 26 
 98 52 
 98 37 
 98 92 
 98 42 
 98 34 
 98 7 
 98 99 
 99 1 
 99 7 
 99 16 
 99 24 
 99 43 
 99 64 
 99 10 
 99 98 
 99 65 
 99 35 
 99 46 
 99 92 
 99 57 
 99 36 
 100 39 
 100 55 
 100 83 
 100 85 
 100 36 
 100 41 
 100 51 
 100 61 
 100 96 
 100 79 
 100 23 
 100 20 
 100 6 
 100 15 
 100 29 
 100 72 
