 100 1546
 1 93 
 1 71 
 1 3 
 1 83 
 1 6 
 1 49 
 1 77 
 1 79 
 2 54 
 2 55 
 2 62 
 2 40 
 2 44 
 2 12 
 2 91 
 2 77 
 2 89 
 2 28 
 2 10 
 2 13 
 2 21 
 2 23 
 3 1 
 3 66 
 3 76 
 3 28 
 3 43 
 3 100 
 3 14 
 3 5 
 3 10 
 3 11 
 3 16 
 3 44 
 3 61 
 3 64 
 3 83 
 3 99 
 4 68 
 4 56 
 4 90 
 4 29 
 4 64 
 4 7 
 4 39 
 4 94 
 4 38 
 4 85 
 4 69 
 4 92 
 4 57 
 4 87 
 4 9 
 4 11 
 4 14 
 4 36 
 4 41 
 4 45 
 4 48 
 4 54 
 4 61 
 4 67 
 4 84 
 4 78 
 5 3 
 5 92 
 5 73 
 5 64 
 5 12 
 5 16 
 5 21 
 5 27 
 5 41 
 5 58 
 5 67 
 5 75 
 6 50 
 6 39 
 6 51 
 6 20 
 6 7 
 6 29 
 6 97 
 6 83 
 6 69 
 6 33 
 6 75 
 6 85 
 6 27 
 6 31 
 6 93 
 6 55 
 6 1 
 6 77 
 6 19 
 6 38 
 6 45 
 6 46 
 6 84 
 6 90 
 6 94 
 6 24 
 7 4 
 7 6 
 7 79 
 7 36 
 7 64 
 7 87 
 7 49 
 7 78 
 7 20 
 7 46 
 7 72 
 7 84 
 7 89 
 7 95 
 8 77 
 8 12 
 8 66 
 8 50 
 8 86 
 8 97 
 8 13 
 8 19 
 8 20 
 8 24 
 8 26 
 8 27 
 8 45 
 8 47 
 8 78 
 8 40 
 9 69 
 9 15 
 9 4 
 9 40 
 9 80 
 9 88 
 9 36 
 9 87 
 9 99 
 9 68 
 9 89 
 9 55 
 9 38 
 9 18 
 9 54 
 9 81 
 9 23 
 9 26 
 9 41 
 9 76 
 9 78 
 9 73 
 10 3 
 10 2 
 10 91 
 10 38 
 10 50 
 10 86 
 10 26 
 10 49 
 10 78 
 10 69 
 10 67 
 10 37 
 10 88 
 10 55 
 10 56 
 10 99 
 10 60 
 10 27 
 10 22 
 10 45 
 10 58 
 10 61 
 11 70 
 11 59 
 11 37 
 11 49 
 11 16 
 11 61 
 11 74 
 11 40 
 11 47 
 11 54 
 11 17 
 11 29 
 11 86 
 11 41 
 11 64 
 11 3 
 11 77 
 11 4 
 11 13 
 11 20 
 11 22 
 11 34 
 11 38 
 11 60 
 11 68 
 11 73 
 12 2 
 12 8 
 12 45 
 12 44 
 12 87 
 12 21 
 12 92 
 12 41 
 12 5 
 12 29 
 12 67 
 12 48 
 12 15 
 12 19 
 12 20 
 12 33 
 12 46 
 12 51 
 12 55 
 12 68 
 12 98 
 12 90 
 13 82 
 13 35 
 13 11 
 13 97 
 13 66 
 13 40 
 13 44 
 13 53 
 13 2 
 13 8 
 13 71 
 13 99 
 13 31 
 13 29 
 13 70 
 13 61 
 13 46 
 13 28 
 13 94 
 13 17 
 13 15 
 13 33 
 13 49 
 13 60 
 13 75 
 13 84 
 14 3 
 14 47 
 14 43 
 14 20 
 14 80 
 14 31 
 14 30 
 14 4 
 14 16 
 14 21 
 14 39 
 14 60 
 15 9 
 15 43 
 15 90 
 15 12 
 15 37 
 15 48 
 15 76 
 15 62 
 15 31 
 15 64 
 15 72 
 15 56 
 15 13 
 15 81 
 15 86 
 15 88 
 15 19 
 15 34 
 15 39 
 15 97 
 16 11 
 16 98 
 16 87 
 16 28 
 16 30 
 16 92 
 16 5 
 16 81 
 16 45 
 16 83 
 16 33 
 16 3 
 16 39 
 16 54 
 16 63 
 16 14 
 16 48 
 16 26 
 16 61 
 16 67 
 17 11 
 17 13 
 17 25 
 17 41 
 17 26 
 17 34 
 17 60 
 17 52 
 18 9 
 18 62 
 18 70 
 18 78 
 18 74 
 18 51 
 18 98 
 18 43 
 18 55 
 18 24 
 18 23 
 18 25 
 19 67 
 19 53 
 19 70 
 19 34 
 19 72 
 19 26 
 19 44 
 19 93 
 19 12 
 19 82 
 19 8 
 19 35 
 19 15 
 19 6 
 19 61 
 19 39 
 19 33 
 19 77 
 19 37 
 19 20 
 19 22 
 19 76 
 19 84 
 19 97 
 20 6 
 20 14 
 20 19 
 20 44 
 20 29 
 20 52 
 20 59 
 20 69 
 20 100 
 20 8 
 20 12 
 20 90 
 20 30 
 20 11 
 20 96 
 20 7 
 20 22 
 20 27 
 20 38 
 20 48 
 20 77 
 20 97 
 21 12 
 21 41 
 21 2 
 21 33 
 21 70 
 21 46 
 21 44 
 21 14 
 21 85 
 21 82 
 21 54 
 21 27 
 21 5 
 21 84 
 21 34 
 21 49 
 21 65 
 21 73 
 22 33 
 22 66 
 22 92 
 22 60 
 22 35 
 22 63 
 22 20 
 22 10 
 22 47 
 22 91 
 22 11 
 22 19 
 22 26 
 22 40 
 22 23 
 22 70 
 22 42 
 22 57 
 22 25 
 22 95 
 22 34 
 22 55 
 22 67 
 22 71 
 22 72 
 22 76 
 23 22 
 23 2 
 23 71 
 23 98 
 23 89 
 23 18 
 23 54 
 23 25 
 23 53 
 23 9 
 23 24 
 23 41 
 23 42 
 23 90 
 24 18 
 24 93 
 24 30 
 24 78 
 24 68 
 24 37 
 24 31 
 24 66 
 24 54 
 24 34 
 24 79 
 24 97 
 24 92 
 24 32 
 24 85 
 24 23 
 24 8 
 24 49 
 24 33 
 24 44 
 24 48 
 24 65 
 24 71 
 24 6 
 25 17 
 25 22 
 25 23 
 25 84 
 25 41 
 25 66 
 25 37 
 25 40 
 25 61 
 25 78 
 25 98 
 25 18 
 26 10 
 26 16 
 26 19 
 26 22 
 26 8 
 26 92 
 26 93 
 26 17 
 26 77 
 26 95 
 26 32 
 26 36 
 26 71 
 26 9 
 26 70 
 26 78 
 26 72 
 26 94 
 26 45 
 26 76 
 27 6 
 27 10 
 27 21 
 27 31 
 27 91 
 27 75 
 27 8 
 27 70 
 27 36 
 27 79 
 27 62 
 27 74 
 27 20 
 27 5 
 27 46 
 27 72 
 27 84 
 27 93 
 28 2 
 28 3 
 28 13 
 28 16 
 28 29 
 28 61 
 28 31 
 28 34 
 28 36 
 28 38 
 28 48 
 28 65 
 28 76 
 28 83 
 28 98 
 28 44 
 29 4 
 29 6 
 29 11 
 29 12 
 29 13 
 29 20 
 29 28 
 29 45 
 29 95 
 29 59 
 30 14 
 30 16 
 30 20 
 30 24 
 30 33 
 30 36 
 30 51 
 30 58 
 30 60 
 30 71 
 31 6 
 31 13 
 31 14 
 31 15 
 31 24 
 31 27 
 31 89 
 31 28 
 31 54 
 31 79 
 31 47 
 31 66 
 31 76 
 31 97 
 32 24 
 32 26 
 32 61 
 32 65 
 32 97 
 32 98 
 33 6 
 33 16 
 33 19 
 33 21 
 33 22 
 33 70 
 33 98 
 33 13 
 33 37 
 33 30 
 33 76 
 33 94 
 33 88 
 33 53 
 33 24 
 33 75 
 33 48 
 33 100 
 33 50 
 33 12 
 33 34 
 33 38 
 33 40 
 33 54 
 33 58 
 33 63 
 33 80 
 33 99 
 34 19 
 34 24 
 34 94 
 34 60 
 34 17 
 34 21 
 34 11 
 34 77 
 34 72 
 34 48 
 34 22 
 34 28 
 34 89 
 34 41 
 34 78 
 34 73 
 34 15 
 34 47 
 34 100 
 34 33 
 34 59 
 34 71 
 35 13 
 35 19 
 35 22 
 35 55 
 35 66 
 35 72 
 36 7 
 36 9 
 36 26 
 36 27 
 36 92 
 36 74 
 36 80 
 36 84 
 36 28 
 36 85 
 36 30 
 36 4 
 36 47 
 36 60 
 36 64 
 36 71 
 36 73 
 36 99 
 37 10 
 37 11 
 37 15 
 37 19 
 37 24 
 37 25 
 37 33 
 37 45 
 37 86 
 37 67 
 37 50 
 37 78 
 37 76 
 37 80 
 38 4 
 38 9 
 38 10 
 38 6 
 38 83 
 38 33 
 38 88 
 38 20 
 38 11 
 38 48 
 38 28 
 38 56 
 38 91 
 38 46 
 38 39 
 38 73 
 38 78 
 38 84 
 38 89 
 38 98 
 39 4 
 39 6 
 39 16 
 39 19 
 39 66 
 39 50 
 39 49 
 39 67 
 39 14 
 39 38 
 39 86 
 39 15 
 39 71 
 39 55 
 39 41 
 39 70 
 39 78 
 39 97 
 40 2 
 40 9 
 40 11 
 40 13 
 40 22 
 40 25 
 40 88 
 40 82 
 40 33 
 40 52 
 40 42 
 40 48 
 40 65 
 40 97 
 40 98 
 40 8 
 41 11 
 41 12 
 41 17 
 41 21 
 41 25 
 41 34 
 41 64 
 41 39 
 41 54 
 41 96 
 41 4 
 41 45 
 41 23 
 41 9 
 41 5 
 41 79 
 41 47 
 41 63 
 41 83 
 41 93 
 42 22 
 42 23 
 42 89 
 42 40 
 42 54 
 42 59 
 42 60 
 42 75 
 43 3 
 43 14 
 43 15 
 43 18 
 43 65 
 43 73 
 43 80 
 43 97 
 44 2 
 44 12 
 44 13 
 44 19 
 44 20 
 44 21 
 44 98 
 44 24 
 44 3 
 44 56 
 44 59 
 44 66 
 44 71 
 44 72 
 44 90 
 44 28 
 45 12 
 45 16 
 45 37 
 45 41 
 45 26 
 45 29 
 45 53 
 45 75 
 45 68 
 45 80 
 45 6 
 45 10 
 45 8 
 45 96 
 45 4 
 45 81 
 45 73 
 45 66 
 45 91 
 45 61 
 45 67 
 45 76 
 45 90 
 45 98 
 46 13 
 46 21 
 46 38 
 46 12 
 46 69 
 46 74 
 46 7 
 46 27 
 46 62 
 46 99 
 46 6 
 46 55 
 46 68 
 46 71 
 46 83 
 46 60 
 47 11 
 47 14 
 47 22 
 47 34 
 47 61 
 47 41 
 47 8 
 47 67 
 47 79 
 47 36 
 47 56 
 47 52 
 47 88 
 47 96 
 47 31 
 47 62 
 48 12 
 48 15 
 48 16 
 48 33 
 48 34 
 48 38 
 48 81 
 48 20 
 48 40 
 48 24 
 48 4 
 48 70 
 48 71 
 48 90 
 48 49 
 48 93 
 48 28 
 48 54 
 48 58 
 48 84 
 49 7 
 49 10 
 49 11 
 49 24 
 49 39 
 49 48 
 49 13 
 49 97 
 49 1 
 49 21 
 49 73 
 49 84 
 50 6 
 50 8 
 50 10 
 50 33 
 50 37 
 50 39 
 50 58 
 50 68 
 50 76 
 50 97 
 51 6 
 51 18 
 51 80 
 51 30 
 51 81 
 51 12 
 51 65 
 51 100 
 52 20 
 52 40 
 52 47 
 52 17 
 53 13 
 53 19 
 53 23 
 53 33 
 53 45 
 53 72 
 53 73 
 53 84 
 53 90 
 53 93 
 53 99 
 53 61 
 54 2 
 54 9 
 54 11 
 54 16 
 54 21 
 54 23 
 54 24 
 54 31 
 54 41 
 54 33 
 54 48 
 54 4 
 54 81 
 54 95 
 54 56 
 54 63 
 54 78 
 54 93 
 54 42 
 54 100 
 54 71 
 54 73 
 55 2 
 55 6 
 55 9 
 55 10 
 55 18 
 55 39 
 55 46 
 55 35 
 55 12 
 55 57 
 55 22 
 55 92 
 56 4 
 56 10 
 56 15 
 56 38 
 56 44 
 56 47 
 56 54 
 56 64 
 56 65 
 56 72 
 56 88 
 56 90 
 56 97 
 56 99 
 57 4 
 57 22 
 57 55 
 57 64 
 57 68 
 57 73 
 57 76 
 57 98 
 58 48 
 58 5 
 58 30 
 58 33 
 58 50 
 58 10 
 58 60 
 58 65 
 58 68 
 58 72 
 58 78 
 58 96 
 59 11 
 59 20 
 59 34 
 59 73 
 59 44 
 59 42 
 59 64 
 59 29 
 60 10 
 60 22 
 60 34 
 60 62 
 60 17 
 60 58 
 60 80 
 60 64 
 60 66 
 60 11 
 60 42 
 60 14 
 60 30 
 60 13 
 60 36 
 60 61 
 60 88 
 60 46 
 61 11 
 61 13 
 61 19 
 61 28 
 61 47 
 61 60 
 61 10 
 61 25 
 61 16 
 61 32 
 61 4 
 61 45 
 61 87 
 61 3 
 61 90 
 61 89 
 61 98 
 61 53 
 62 2 
 62 15 
 62 18 
 62 27 
 62 46 
 62 47 
 62 60 
 62 64 
 62 72 
 62 76 
 62 99 
 62 69 
 63 16 
 63 22 
 63 54 
 63 98 
 63 33 
 63 73 
 63 41 
 63 94 
 63 68 
 63 71 
 63 83 
 63 99 
 64 4 
 64 5 
 64 7 
 64 11 
 64 15 
 64 41 
 64 60 
 64 82 
 64 62 
 64 59 
 64 36 
 64 83 
 64 67 
 64 56 
 64 3 
 64 57 
 64 75 
 64 72 
 65 21 
 65 43 
 65 79 
 65 40 
 65 58 
 65 100 
 65 69 
 65 51 
 65 32 
 65 88 
 65 56 
 65 24 
 65 72 
 65 28 
 65 78 
 65 83 
 66 3 
 66 8 
 66 13 
 66 22 
 66 24 
 66 25 
 66 39 
 66 45 
 66 60 
 66 44 
 66 77 
 66 35 
 66 31 
 66 84 
 66 71 
 66 83 
 67 10 
 67 12 
 67 19 
 67 37 
 67 39 
 67 47 
 67 64 
 67 85 
 67 70 
 67 45 
 67 80 
 67 4 
 67 95 
 67 88 
 67 5 
 67 68 
 67 22 
 67 96 
 67 78 
 67 93 
 67 97 
 67 16 
 68 4 
 68 9 
 68 24 
 68 45 
 68 67 
 68 80 
 68 46 
 68 58 
 68 12 
 68 50 
 68 85 
 68 87 
 68 57 
 68 63 
 68 81 
 68 11 
 68 90 
 68 97 
 69 4 
 69 6 
 69 9 
 69 10 
 69 20 
 69 46 
 69 65 
 69 80 
 69 88 
 69 94 
 69 97 
 69 62 
 70 11 
 70 13 
 70 18 
 70 19 
 70 21 
 70 22 
 70 26 
 70 27 
 70 33 
 70 48 
 70 67 
 70 74 
 70 85 
 70 39 
 70 96 
 70 71 
 71 1 
 71 13 
 71 23 
 71 26 
 71 39 
 71 48 
 71 70 
 71 22 
 71 66 
 71 44 
 71 63 
 71 30 
 71 99 
 71 96 
 71 82 
 71 24 
 71 36 
 71 46 
 71 80 
 71 54 
 71 76 
 71 83 
 71 97 
 71 34 
 72 15 
 72 19 
 72 26 
 72 34 
 72 65 
 72 44 
 72 27 
 72 64 
 72 58 
 72 53 
 72 22 
 72 56 
 72 62 
 72 35 
 72 98 
 72 7 
 72 93 
 72 80 
 72 84 
 72 91 
 73 5 
 73 34 
 73 45 
 73 59 
 73 63 
 73 38 
 73 43 
 73 49 
 73 36 
 73 96 
 73 78 
 73 11 
 73 57 
 73 53 
 73 92 
 73 21 
 73 54 
 73 76 
 73 90 
 73 9 
 74 11 
 74 18 
 74 27 
 74 36 
 74 46 
 74 70 
 75 6 
 75 27 
 75 33 
 75 45 
 75 64 
 75 13 
 75 5 
 75 80 
 75 77 
 75 42 
 76 3 
 76 15 
 76 33 
 76 73 
 76 31 
 76 62 
 76 9 
 76 22 
 76 28 
 76 57 
 76 45 
 76 19 
 76 50 
 76 93 
 76 37 
 76 71 
 76 83 
 76 84 
 76 90 
 76 26 
 77 2 
 77 6 
 77 8 
 77 11 
 77 19 
 77 26 
 77 34 
 77 66 
 77 91 
 77 20 
 77 75 
 77 90 
 77 81 
 77 1 
 77 80 
 77 84 
 78 7 
 78 10 
 78 18 
 78 24 
 78 26 
 78 34 
 78 37 
 78 54 
 78 73 
 78 25 
 78 86 
 78 67 
 78 95 
 78 58 
 78 38 
 78 65 
 78 39 
 78 8 
 78 81 
 78 9 
 78 98 
 78 4 
 79 7 
 79 24 
 79 27 
 79 31 
 79 41 
 79 47 
 79 65 
 79 89 
 79 99 
 79 1 
 80 9 
 80 14 
 80 36 
 80 45 
 80 51 
 80 60 
 80 67 
 80 68 
 80 71 
 80 75 
 80 72 
 80 69 
 80 77 
 80 87 
 80 37 
 80 96 
 80 43 
 80 33 
 81 9 
 81 15 
 81 16 
 81 45 
 81 48 
 81 51 
 81 54 
 81 68 
 81 77 
 81 78 
 82 13 
 82 19 
 82 21 
 82 40 
 82 64 
 82 71 
 83 1 
 83 6 
 83 16 
 83 38 
 83 64 
 83 71 
 83 66 
 83 84 
 83 65 
 83 3 
 83 76 
 83 63 
 83 28 
 83 86 
 83 46 
 83 41 
 84 21 
 84 25 
 84 36 
 84 66 
 84 83 
 84 6 
 84 72 
 84 7 
 84 98 
 84 76 
 84 77 
 84 13 
 84 4 
 84 38 
 84 93 
 84 48 
 84 49 
 84 27 
 84 53 
 84 19 
 85 4 
 85 6 
 85 21 
 85 24 
 85 36 
 85 67 
 85 68 
 85 70 
 86 8 
 86 10 
 86 11 
 86 15 
 86 37 
 86 39 
 86 78 
 86 83 
 86 93 
 86 87 
 87 4 
 87 7 
 87 9 
 87 12 
 87 16 
 87 61 
 87 68 
 87 80 
 87 98 
 87 86 
 88 9 
 88 10 
 88 15 
 88 33 
 88 38 
 88 40 
 88 47 
 88 65 
 88 67 
 88 69 
 88 60 
 88 56 
 88 99 
 88 89 
 89 2 
 89 9 
 89 23 
 89 31 
 89 34 
 89 42 
 89 61 
 89 100 
 89 7 
 89 79 
 89 38 
 89 90 
 89 99 
 89 88 
 90 4 
 90 15 
 90 20 
 90 48 
 90 61 
 90 77 
 90 89 
 90 23 
 90 6 
 90 45 
 90 76 
 90 53 
 90 44 
 90 56 
 90 98 
 90 93 
 90 73 
 90 68 
 90 95 
 90 12 
 91 2 
 91 10 
 91 22 
 91 27 
 91 38 
 91 45 
 91 77 
 91 72 
 92 4 
 92 5 
 92 12 
 92 16 
 92 22 
 92 24 
 92 26 
 92 36 
 92 55 
 92 73 
 93 1 
 93 6 
 93 19 
 93 24 
 93 26 
 93 48 
 93 54 
 93 72 
 93 76 
 93 84 
 93 90 
 93 41 
 93 27 
 93 86 
 93 67 
 93 53 
 94 4 
 94 13 
 94 26 
 94 33 
 94 34 
 94 63 
 94 6 
 94 69 
 94 97 
 94 99 
 95 22 
 95 26 
 95 54 
 95 67 
 95 78 
 95 29 
 95 90 
 95 7 
 96 20 
 96 41 
 96 45 
 96 47 
 96 67 
 96 70 
 96 71 
 96 73 
 96 80 
 96 58 
 97 6 
 97 8 
 97 13 
 97 24 
 97 49 
 97 56 
 97 69 
 97 40 
 97 68 
 97 50 
 97 32 
 97 94 
 97 15 
 97 43 
 97 20 
 97 67 
 97 39 
 97 71 
 97 31 
 97 19 
 98 16 
 98 18 
 98 23 
 98 33 
 98 44 
 98 63 
 98 72 
 98 84 
 98 90 
 98 38 
 98 61 
 98 87 
 98 78 
 98 28 
 98 45 
 98 57 
 98 12 
 98 25 
 98 32 
 98 40 
 99 9 
 99 10 
 99 13 
 99 46 
 99 71 
 99 79 
 99 62 
 99 63 
 99 36 
 99 3 
 99 89 
 99 94 
 99 56 
 99 88 
 99 33 
 99 53 
 100 3 
 100 20 
 100 33 
 100 34 
 100 54 
 100 65 
 100 89 
 100 51 
