 100 1406
 1 45 
 1 98 
 1 88 
 1 76 
 1 80 
 1 38 
 1 44 
 1 53 
 1 33 
 1 47 
 1 85 
 1 13 
 1 42 
 1 90 
 1 77 
 1 40 
 1 7 
 1 14 
 1 54 
 1 60 
 1 93 
 1 11 
 2 44 
 2 30 
 2 75 
 2 27 
 2 56 
 2 10 
 2 9 
 2 11 
 2 18 
 2 21 
 2 51 
 2 71 
 2 81 
 2 90 
 3 6 
 3 80 
 3 13 
 3 25 
 3 34 
 3 59 
 3 82 
 3 42 
 3 76 
 3 60 
 3 21 
 3 49 
 3 53 
 3 70 
 3 72 
 3 86 
 3 88 
 3 41 
 4 84 
 4 39 
 4 8 
 4 5 
 4 22 
 4 30 
 4 51 
 4 61 
 4 90 
 4 95 
 5 4 
 5 75 
 5 99 
 5 94 
 5 9 
 5 16 
 5 60 
 5 71 
 5 95 
 5 98 
 6 3 
 6 35 
 6 26 
 6 48 
 6 9 
 6 14 
 6 46 
 6 56 
 6 60 
 6 70 
 7 36 
 7 27 
 7 39 
 7 30 
 7 82 
 7 65 
 7 63 
 7 1 
 7 52 
 7 14 
 7 33 
 7 19 
 7 86 
 7 66 
 7 85 
 7 16 
 7 12 
 7 18 
 7 23 
 7 32 
 7 49 
 7 51 
 7 53 
 7 67 
 8 4 
 8 33 
 8 77 
 8 48 
 8 83 
 8 80 
 8 57 
 8 50 
 8 69 
 8 56 
 8 81 
 8 29 
 8 10 
 8 12 
 8 13 
 8 22 
 8 61 
 8 68 
 8 85 
 8 26 
 9 97 
 9 47 
 9 5 
 9 34 
 9 6 
 9 11 
 9 2 
 9 35 
 9 56 
 9 15 
 9 99 
 9 45 
 9 37 
 9 28 
 9 79 
 9 91 
 9 19 
 9 20 
 9 23 
 9 13 
 9 14 
 9 25 
 9 33 
 9 40 
 9 44 
 9 50 
 9 53 
 9 67 
 9 96 
 9 75 
 10 2 
 10 78 
 10 88 
 10 55 
 10 8 
 10 44 
 10 47 
 10 87 
 10 11 
 10 13 
 10 22 
 10 60 
 10 38 
 10 74 
 10 72 
 10 62 
 10 53 
 10 85 
 10 20 
 10 33 
 10 49 
 10 100 
 11 9 
 11 10 
 11 2 
 11 15 
 11 39 
 11 94 
 11 55 
 11 58 
 11 65 
 11 66 
 11 42 
 11 93 
 11 98 
 11 85 
 11 92 
 11 16 
 11 29 
 11 32 
 11 40 
 11 54 
 11 61 
 11 97 
 11 100 
 11 1 
 12 7 
 12 15 
 12 76 
 12 23 
 12 89 
 12 65 
 12 30 
 12 31 
 12 22 
 12 96 
 12 50 
 12 13 
 12 17 
 12 66 
 12 8 
 12 19 
 12 16 
 12 24 
 12 46 
 12 62 
 12 68 
 12 88 
 13 1 
 13 3 
 13 9 
 13 10 
 13 12 
 13 8 
 13 70 
 13 97 
 13 26 
 13 56 
 13 44 
 13 33 
 13 41 
 13 51 
 13 76 
 13 25 
 14 7 
 14 48 
 14 62 
 14 21 
 14 95 
 14 60 
 14 6 
 14 52 
 14 46 
 14 70 
 14 1 
 14 100 
 14 39 
 14 89 
 14 99 
 14 75 
 14 9 
 14 20 
 14 74 
 14 34 
 14 26 
 14 51 
 14 76 
 14 97 
 15 9 
 15 11 
 15 12 
 15 98 
 15 16 
 15 22 
 15 26 
 15 41 
 15 43 
 15 51 
 15 99 
 15 94 
 16 7 
 16 11 
 16 38 
 16 12 
 16 92 
 16 93 
 16 58 
 16 39 
 16 15 
 16 29 
 16 31 
 16 49 
 16 24 
 16 27 
 16 21 
 16 76 
 16 34 
 16 5 
 16 18 
 16 32 
 16 85 
 16 22 
 17 12 
 17 40 
 17 55 
 17 90 
 17 59 
 17 97 
 17 21 
 17 23 
 17 29 
 17 32 
 17 33 
 17 48 
 17 60 
 17 82 
 18 7 
 18 45 
 18 16 
 18 2 
 18 62 
 18 70 
 18 61 
 18 21 
 18 75 
 18 85 
 18 91 
 18 78 
 18 94 
 18 82 
 18 90 
 18 68 
 18 63 
 18 77 
 18 52 
 18 42 
 18 32 
 18 48 
 18 92 
 18 97 
 19 7 
 19 9 
 19 12 
 19 50 
 19 68 
 19 76 
 19 30 
 19 43 
 19 93 
 19 48 
 20 9 
 20 10 
 20 14 
 20 29 
 20 21 
 20 24 
 20 77 
 20 88 
 21 14 
 21 16 
 21 18 
 21 3 
 21 85 
 21 52 
 21 2 
 21 17 
 21 79 
 21 20 
 21 88 
 21 43 
 21 26 
 21 33 
 21 40 
 21 41 
 21 49 
 21 51 
 21 53 
 21 71 
 22 10 
 22 12 
 22 35 
 22 4 
 22 8 
 22 34 
 22 15 
 22 80 
 22 29 
 22 32 
 22 33 
 22 43 
 22 44 
 22 53 
 22 60 
 22 62 
 22 95 
 22 16 
 23 9 
 23 12 
 23 7 
 23 17 
 23 84 
 23 75 
 23 31 
 23 34 
 23 82 
 23 74 
 23 28 
 23 40 
 23 43 
 23 54 
 23 56 
 23 97 
 24 16 
 24 20 
 24 52 
 24 78 
 24 59 
 24 49 
 24 12 
 24 98 
 24 25 
 24 40 
 24 80 
 24 95 
 24 99 
 24 100 
 25 3 
 25 38 
 25 53 
 25 57 
 25 24 
 25 9 
 25 84 
 25 62 
 25 47 
 25 94 
 25 26 
 25 28 
 25 33 
 25 13 
 26 6 
 26 13 
 26 57 
 26 21 
 26 81 
 26 75 
 26 52 
 26 27 
 26 15 
 26 94 
 26 74 
 26 36 
 26 82 
 26 67 
 26 25 
 26 14 
 26 80 
 26 86 
 26 99 
 26 8 
 27 2 
 27 7 
 27 16 
 27 26 
 27 31 
 27 41 
 27 72 
 27 76 
 27 85 
 27 39 
 28 9 
 28 50 
 28 61 
 28 41 
 28 23 
 28 80 
 28 59 
 28 49 
 28 25 
 28 33 
 28 62 
 28 65 
 28 66 
 28 93 
 29 8 
 29 16 
 29 20 
 29 82 
 29 77 
 29 37 
 29 57 
 29 11 
 29 32 
 29 95 
 29 17 
 29 22 
 29 40 
 29 44 
 30 2 
 30 7 
 30 12 
 30 4 
 30 19 
 30 39 
 30 33 
 30 85 
 30 95 
 30 91 
 31 12 
 31 16 
 31 23 
 31 27 
 31 43 
 31 85 
 31 40 
 31 51 
 31 86 
 31 99 
 32 29 
 32 37 
 32 34 
 32 69 
 32 51 
 32 99 
 32 7 
 32 42 
 32 16 
 32 18 
 32 39 
 32 96 
 32 22 
 32 11 
 32 17 
 32 46 
 32 70 
 32 76 
 32 52 
 32 86 
 32 43 
 32 44 
 32 50 
 32 90 
 32 95 
 32 97 
 33 1 
 33 7 
 33 8 
 33 10 
 33 13 
 33 28 
 33 30 
 33 21 
 33 48 
 33 61 
 33 70 
 33 17 
 33 22 
 33 25 
 33 69 
 33 9 
 33 49 
 33 60 
 33 85 
 33 95 
 34 3 
 34 9 
 34 14 
 34 16 
 34 22 
 34 23 
 34 32 
 34 44 
 34 53 
 34 58 
 34 80 
 34 84 
 35 6 
 35 9 
 35 22 
 35 99 
 35 67 
 35 55 
 35 79 
 35 78 
 35 38 
 35 60 
 35 40 
 35 72 
 36 7 
 36 26 
 36 43 
 36 65 
 36 97 
 36 55 
 37 9 
 37 29 
 37 32 
 37 57 
 38 1 
 38 10 
 38 16 
 38 25 
 38 35 
 38 64 
 38 89 
 38 55 
 38 43 
 38 50 
 38 70 
 38 88 
 38 97 
 38 99 
 39 4 
 39 7 
 39 11 
 39 14 
 39 16 
 39 30 
 39 32 
 39 49 
 39 53 
 39 78 
 39 86 
 39 27 
 40 1 
 40 17 
 40 68 
 40 35 
 40 99 
 40 21 
 40 9 
 40 59 
 40 54 
 40 23 
 40 48 
 40 11 
 40 31 
 40 24 
 40 79 
 40 29 
 40 58 
 40 61 
 41 28 
 41 88 
 41 15 
 41 27 
 41 90 
 41 78 
 41 42 
 41 13 
 41 21 
 41 76 
 41 43 
 41 49 
 41 53 
 41 61 
 41 66 
 41 68 
 41 99 
 41 3 
 42 1 
 42 3 
 42 11 
 42 18 
 42 32 
 42 41 
 42 49 
 42 54 
 42 95 
 42 99 
 43 21 
 43 31 
 43 36 
 43 23 
 43 100 
 43 75 
 43 54 
 43 19 
 43 66 
 43 15 
 43 41 
 43 22 
 43 32 
 43 38 
 43 80 
 43 74 
 43 49 
 43 62 
 43 68 
 43 97 
 44 1 
 44 2 
 44 10 
 44 13 
 44 81 
 44 32 
 44 91 
 44 79 
 44 34 
 44 22 
 44 93 
 44 9 
 44 49 
 44 29 
 45 1 
 45 9 
 45 18 
 45 95 
 45 77 
 45 96 
 46 14 
 46 32 
 46 12 
 46 82 
 46 6 
 46 58 
 46 63 
 46 73 
 46 78 
 46 95 
 47 1 
 47 9 
 47 10 
 47 25 
 47 56 
 47 61 
 48 6 
 48 8 
 48 14 
 48 33 
 48 40 
 48 18 
 48 83 
 48 17 
 48 49 
 48 51 
 48 68 
 48 19 
 49 16 
 49 24 
 49 28 
 49 44 
 49 82 
 49 21 
 49 7 
 49 97 
 49 10 
 49 3 
 49 100 
 49 48 
 49 43 
 49 41 
 49 64 
 49 42 
 49 75 
 49 33 
 49 39 
 49 76 
 49 60 
 49 68 
 49 78 
 49 81 
 50 8 
 50 12 
 50 19 
 50 28 
 50 38 
 50 87 
 50 32 
 50 85 
 50 55 
 50 52 
 50 56 
 50 9 
 50 60 
 50 66 
 50 100 
 50 51 
 51 32 
 51 95 
 51 69 
 51 14 
 51 21 
 51 62 
 51 4 
 51 15 
 51 13 
 51 31 
 51 85 
 51 7 
 51 91 
 51 48 
 51 58 
 51 2 
 51 92 
 51 96 
 51 97 
 51 50 
 52 7 
 52 14 
 52 18 
 52 21 
 52 24 
 52 26 
 52 32 
 52 50 
 52 93 
 52 83 
 52 92 
 52 67 
 52 70 
 52 86 
 52 71 
 52 68 
 53 1 
 53 10 
 53 25 
 53 68 
 53 89 
 53 65 
 53 22 
 53 39 
 53 83 
 53 60 
 53 87 
 53 98 
 53 3 
 53 21 
 53 9 
 53 7 
 53 41 
 53 34 
 53 66 
 53 72 
 54 40 
 54 43 
 54 23 
 54 71 
 54 77 
 54 63 
 54 11 
 54 1 
 54 42 
 54 70 
 54 85 
 54 88 
 55 10 
 55 11 
 55 17 
 55 35 
 55 38 
 55 50 
 55 90 
 55 36 
 56 2 
 56 8 
 56 9 
 56 13 
 56 50 
 56 75 
 56 73 
 56 67 
 56 91 
 56 95 
 56 70 
 56 62 
 56 47 
 56 23 
 56 84 
 56 6 
 56 66 
 56 80 
 56 88 
 56 96 
 57 8 
 57 25 
 57 26 
 57 29 
 57 73 
 57 37 
 58 11 
 58 16 
 58 46 
 58 51 
 58 40 
 58 34 
 58 72 
 58 100 
 59 3 
 59 17 
 59 24 
 59 28 
 59 40 
 59 71 
 60 3 
 60 10 
 60 14 
 60 35 
 60 53 
 60 22 
 60 74 
 60 92 
 60 77 
 60 33 
 60 82 
 60 69 
 60 50 
 60 17 
 60 5 
 60 49 
 60 6 
 60 83 
 60 1 
 60 75 
 60 95 
 60 97 
 61 18 
 61 28 
 61 33 
 61 40 
 61 11 
 61 76 
 61 8 
 61 41 
 61 4 
 61 47 
 61 99 
 61 79 
 61 72 
 61 73 
 62 10 
 62 14 
 62 18 
 62 25 
 62 51 
 62 56 
 62 43 
 62 12 
 62 72 
 62 67 
 62 80 
 62 92 
 62 28 
 62 93 
 62 22 
 62 91 
 62 68 
 62 94 
 62 95 
 62 77 
 63 7 
 63 18 
 63 54 
 63 46 
 63 75 
 63 67 
 63 72 
 63 80 
 64 38 
 64 49 
 64 66 
 64 67 
 64 71 
 64 93 
 64 97 
 64 92 
 65 7 
 65 11 
 65 12 
 65 36 
 65 53 
 65 28 
 65 73 
 65 98 
 66 7 
 66 11 
 66 12 
 66 43 
 66 53 
 66 84 
 66 50 
 66 83 
 66 64 
 66 56 
 66 71 
 66 28 
 66 73 
 66 41 
 66 82 
 66 95 
 67 26 
 67 35 
 67 52 
 67 56 
 67 62 
 67 63 
 67 9 
 67 81 
 67 90 
 67 64 
 67 71 
 67 7 
 68 18 
 68 19 
 68 40 
 68 53 
 68 62 
 68 8 
 68 89 
 68 12 
 68 43 
 68 90 
 68 41 
 68 49 
 68 48 
 68 75 
 68 70 
 68 97 
 68 100 
 68 52 
 69 8 
 69 32 
 69 33 
 69 51 
 69 60 
 69 85 
 70 13 
 70 14 
 70 18 
 70 32 
 70 33 
 70 52 
 70 54 
 70 56 
 70 6 
 70 38 
 70 98 
 70 68 
 70 75 
 70 80 
 70 3 
 70 89 
 71 54 
 71 66 
 71 2 
 71 52 
 71 64 
 71 67 
 71 72 
 71 5 
 71 59 
 71 80 
 71 76 
 71 21 
 72 10 
 72 62 
 72 71 
 72 27 
 72 93 
 72 53 
 72 61 
 72 74 
 72 3 
 72 63 
 72 89 
 72 77 
 72 58 
 72 35 
 72 100 
 72 95 
 73 56 
 73 66 
 73 76 
 73 87 
 73 65 
 73 61 
 73 57 
 73 46 
 74 10 
 74 14 
 74 23 
 74 26 
 74 43 
 74 60 
 74 72 
 74 95 
 75 2 
 75 5 
 75 14 
 75 18 
 75 23 
 75 26 
 75 43 
 75 49 
 75 56 
 75 60 
 75 63 
 75 68 
 75 70 
 75 85 
 75 97 
 75 9 
 76 1 
 76 3 
 76 12 
 76 16 
 76 19 
 76 32 
 76 41 
 76 49 
 76 61 
 76 73 
 76 71 
 76 14 
 76 13 
 76 96 
 76 100 
 76 27 
 76 99 
 76 85 
 77 1 
 77 8 
 77 18 
 77 29 
 77 54 
 77 60 
 77 62 
 77 72 
 77 94 
 77 45 
 77 20 
 77 86 
 78 10 
 78 18 
 78 24 
 78 35 
 78 41 
 78 39 
 78 49 
 78 46 
 78 99 
 78 100 
 79 9 
 79 21 
 79 35 
 79 40 
 79 44 
 79 61 
 80 1 
 80 3 
 80 8 
 80 22 
 80 28 
 80 43 
 80 62 
 80 70 
 80 71 
 80 34 
 80 63 
 80 56 
 80 24 
 80 26 
 81 8 
 81 26 
 81 44 
 81 67 
 81 49 
 81 2 
 81 97 
 81 87 
 82 3 
 82 7 
 82 18 
 82 23 
 82 26 
 82 29 
 82 46 
 82 49 
 82 60 
 82 84 
 82 17 
 82 66 
 83 8 
 83 48 
 83 52 
 83 53 
 83 60 
 83 66 
 84 4 
 84 23 
 84 25 
 84 56 
 84 66 
 84 82 
 84 93 
 84 34 
 85 1 
 85 7 
 85 10 
 85 11 
 85 18 
 85 21 
 85 31 
 85 50 
 85 51 
 85 54 
 85 89 
 85 75 
 85 69 
 85 30 
 85 8 
 85 94 
 85 96 
 85 16 
 85 33 
 85 27 
 85 93 
 85 76 
 86 7 
 86 32 
 86 52 
 86 31 
 86 92 
 86 77 
 86 88 
 86 39 
 86 3 
 86 26 
 86 97 
 86 100 
 87 10 
 87 50 
 87 53 
 87 73 
 87 88 
 87 81 
 88 1 
 88 10 
 88 21 
 88 41 
 88 86 
 88 38 
 88 91 
 88 98 
 88 56 
 88 54 
 88 12 
 88 3 
 88 20 
 88 87 
 89 12 
 89 14 
 89 38 
 89 53 
 89 68 
 89 70 
 89 72 
 89 85 
 90 1 
 90 17 
 90 18 
 90 41 
 90 67 
 90 68 
 90 98 
 90 4 
 90 55 
 90 32 
 90 99 
 90 2 
 91 9 
 91 18 
 91 44 
 91 51 
 91 56 
 91 62 
 91 88 
 91 30 
 92 11 
 92 16 
 92 52 
 92 60 
 92 62 
 92 86 
 92 51 
 92 18 
 92 100 
 92 64 
 93 11 
 93 16 
 93 44 
 93 52 
 93 62 
 93 72 
 93 1 
 93 19 
 93 85 
 93 84 
 93 28 
 93 64 
 94 5 
 94 11 
 94 18 
 94 25 
 94 26 
 94 62 
 94 77 
 94 85 
 94 95 
 94 15 
 95 14 
 95 29 
 95 45 
 95 51 
 95 56 
 95 62 
 95 5 
 95 4 
 95 100 
 95 60 
 95 74 
 95 30 
 95 66 
 95 33 
 95 22 
 95 94 
 95 32 
 95 24 
 95 42 
 95 46 
 95 96 
 95 72 
 96 12 
 96 32 
 96 76 
 96 85 
 96 56 
 96 95 
 96 9 
 96 45 
 96 51 
 96 99 
 96 97 
 96 100 
 97 9 
 97 13 
 97 17 
 97 49 
 97 36 
 97 68 
 97 43 
 97 11 
 97 75 
 97 51 
 97 81 
 97 60 
 97 32 
 97 64 
 97 38 
 97 14 
 97 86 
 97 96 
 97 23 
 97 18 
 98 1 
 98 11 
 98 15 
 98 24 
 98 53 
 98 70 
 98 88 
 98 90 
 98 5 
 98 65 
 99 5 
 99 9 
 99 14 
 99 32 
 99 35 
 99 40 
 99 61 
 99 96 
 99 15 
 99 41 
 99 24 
 99 76 
 99 90 
 99 31 
 99 26 
 99 38 
 99 42 
 99 78 
 100 14 
 100 43 
 100 49 
 100 76 
 100 95 
 100 92 
 100 68 
 100 10 
 100 58 
 100 72 
 100 86 
 100 96 
 100 11 
 100 24 
 100 50 
 100 78 
